2.633,30,79,41
B0,mixamorig_Hips,-1,0.9454079866409302,-0.0655990019440651,0.3192180097103119,0,-0.0006910000229254365,0.9791250228881836,0.20325599610805511,0,-0.325886994600296,-0.19238099455833435,0.9256280064582825,0,0.039694998413324356,10.803903579711914,-0.06628800183534622,1
B1,mixamorig_Spine,0,0.9992669820785522,0.03699599951505661,0.009863000363111496,0,-0.03573799878358841,0.9936730265617371,-0.10647200047969818,0,-0.013740000315010548,0.10604099929332733,0.9942669868469238,0,0,1.2427419424057007,-0.1856590062379837,1
B2,mixamorig_Spine1,1,0.9994580149650574,0.019159000366926193,0.02676999941468239,0,-0.02246999926865101,0.9913319945335388,0.12944799661636353,0,-0.02405799925327301,-0.1299789994955063,0.991225004196167,0,0,1.4659559726715088,0,1
B3,mixamorig_Spine2,2,0.9994840025901794,0.020201999694108963,0.02496499940752983,0,-0.023274999111890793,0.9912850260734558,0.12966200709342957,0,-0.022128000855445862,-0.13017700612545013,0.9912440180778503,0,0,1.6753770112991333,0,1
B4,mixamorig_Neck,3,0.9974240064620972,-0.03891599923372269,-0.06026099994778633,0,0.04160600155591965,0.9981629848480225,0.044050998985767365,0,0.05843599885702133,-0.04644500091671944,0.9972100257873535,0,0,1.8847999572753906,0,1
B5,mixamorig_Head,4,0.9677609801292419,-0.11626499891281128,-0.22342999279499054,0,0.020641999319195747,0.9207119941711426,-0.38969698548316956,0,0.25102299451828003,0.3725210130214691,0.8934289813041687,0,0,0.855912983417511,0.3470599949359894,1
B6,mixamorig_HeadTop_End,5,1,0,0,0,0,1,0,0,0,0,1,0,0,2.8392999172210693,1.1512919664382935,1
B7,mixamorig_LeftShoulder,3,-0.1325870007276535,0.006020999979227781,-0.9911530017852783,0,0.9240580201148987,-0.3609580099582672,-0.12580400705337524,0,-0.35852301120758057,-0.932561993598938,0.04229399934411049,0,0.652642011642456,1.576030969619751,-0.03514900058507919,1
B8,mixamorig_LeftArm,7,0.8929010033607483,0.4159260094165802,-0.17242999374866486,0,-0.17143499851226807,0.6681749820709229,0.7239840030670166,0,0.4163370132446289,-0.6168850064277649,0.6679189801216125,0,0,1.451390027999878,0,1
B9,mixamorig_LeftForeArm,8,0.10622899979352951,0.990136981010437,-0.09134799987077713,0,-0.9928979873657227,0.10067900270223618,-0.06337500363588333,0,-0.05355300009250641,0.09743200242519379,0.9937999844551086,0,0,3.2703590393066406,0,1
B10,mixamorig_LeftHand,9,0.4638870060443878,-0.3477410078048706,-0.8147910237312317,0,-0.10888099670410156,0.8903859853744507,-0.4419940114021301,0,0.879177987575531,0.29374998807907104,0.37517601251602173,0,0,2.8214590549468994,0,1
B11,mixamorig_LeftHandThumb1,10,0.9125589728355408,0.4088819921016693,0.007162999827414751,0,-0.4089429974555969,0.9124600291252136,0.013481000438332558,0,-0.0010239999974146485,-0.015231999568641186,0.9998829960823059,0,-0.3050509989261627,0.43549299240112305,0,1
B12,mixamorig_LeftHandThumb2,11,0.9792559742927551,0.20237000286579132,-0.010209999978542328,0,-0.2009579986333847,0.9764090180397034,0.07900600135326385,0,0.025957999750971794,-0.07531499862670898,0.9968219995498657,0,-0.06800000369548798,0.4198940098285675,0,1
B13,mixamorig_LeftHandThumb3,12,0.9025779962539673,-0.396928995847702,0.1667329967021942,0,0.2914940118789673,0.8484219908714294,0.44182801246643066,0,-0.3168349862098694,-0.35018301010131836,0.8814690113067627,0,-0.004792999941855669,0.4857949912548065,0,1
B14,mixamorig_LeftHandThumb4,13,1,0,0,0,0,1,0,0,0,0,1,0,0.07279200106859207,0.44150298833847046,0,1
B15,mixamorig_LeftHandIndex1,10,0.920074999332428,0.3696860074996948,0.12959499657154083,0,-0.37217798829078674,0.9281460046768188,-0.005332000087946653,0,-0.12225399911403656,-0.04332699999213219,0.991553008556366,0,0,0.9967560172080994,0,1
B16,mixamorig_LeftHandIndex2,15,0.9966930150985718,0.07580900192260742,0.029241999611258507,0,-0.0808349996805191,0.9615870118141174,0.26232901215553284,0,-0.008232000283896923,-0.263824999332428,0.9645349979400635,0,0.060189999639987946,0.5512700080871582,0,1
B17,mixamorig_LeftHandIndex3,16,0.9003300070762634,0.42645999789237976,0.08682399988174438,0,-0.4114699959754944,0.7691199779510498,0.4890260100364685,0,0.14177200198173523,-0.4760099947452545,0.8679370284080505,0,-0.026318000629544258,0.4993000030517578,0,1
B18,mixamorig_LeftHandIndex4,17,1,0,0,0,0,1,0,0,0,0,1,0,-0.033872999250888824,0.5011600255966187,0,1
B19,mixamorig_RightShoulder,3,0.002440999960526824,-0.023680999875068665,0.9997169971466064,0,-0.9310399889945984,-0.36486101150512695,-0.00636899983510375,0,0.36490800976753235,-0.9307609796524048,-0.022938000038266182,0,-0.652642011642456,1.5792399644851685,-0.05662799999117851,1
B20,mixamorig_RightArm,19,0.9129260182380676,-0.4080820083618164,-0.005994000006467104,0,0.2511970102787018,0.550258994102478,0.7963129878044128,0,-0.3216629922389984,-0.7284809947013855,0.6048550009727478,0,0,1.451390027999878,0,1
B21,mixamorig_RightForeArm,20,0.03412099927663803,-0.9960960149765015,0.08141999691724777,0,0.9985380172729492,0.030559999868273735,-0.0445839986205101,0,0.04192100092768669,0.08282200247049332,0.9956820011138916,0,0,3.2765069007873535,0,1
B22,mixamorig_RightHand,21,0.31515198945999146,-0.10011500120162964,0.9437459707260132,0,0.10618399828672409,0.9918959736824036,0.06976400315761566,0,-0.9430819749832153,0.07822400331497192,0.32322901487350464,0,0,2.8292040824890137,0,1
B23,mixamorig_RightHandThumb1,22,0.8739749789237976,-0.48090699315071106,0.06997399777173996,0,0.439179003238678,0.7199450135231018,-0.5374019742012024,0,0.208063006401062,0.5004069805145264,0.8404179811477661,0,0.32116401195526123,0.5079699754714966,0,1
B24,mixamorig_RightHandThumb2,23,0.8804789781570435,0.4739930033683777,0.009348000399768353,0,-0.42467001080513,0.7797849774360657,0.4599910080432892,0,0.2107429951429367,-0.4089820086956024,0.8878750205039978,0,0.08328499644994736,0.4735170006752014,0,1
B25,mixamorig_RightHandThumb3,24,0.8658279776573181,-0.49118301272392273,0.09529700130224228,0,0.4967789947986603,0.8212339878082275,-0.280689001083374,0,0.05960800126194954,0.29036998748779297,0.9550560116767883,0,-0.002070999937132001,0.4775800108909607,0,1
B26,mixamorig_RightHandThumb4,25,1,0,0,0,0,1,0,0,0,0,1,0,-0.08121500164270401,0.3971160054206848,0,1
B27,mixamorig_RightHandIndex1,22,0.9756320118904114,0.2056490033864975,0.07649099826812744,0,-0.1897909939289093,0.9659019708633423,-0.17610099911689758,0,-0.11009799689054489,0.15729300677776337,0.9813960194587708,0,0,1.0201549530029297,0,1
B28,mixamorig_RightHandIndex2,27,0.9429889917373657,-0.3156839907169342,-0.10542900115251541,0,0.324849009513855,0.804069995880127,0.4979400038719177,0,-0.07241900265216827,-0.5038009881973267,0.8607789874076843,0,-0.07540299743413925,0.5894140005111694,0,1
B29,mixamorig_RightHandIndex3,28,0.987625002861023,-0.15647299587726593,-0.010595999658107758,0,0.15674400329589844,0.9825670123100281,0.0999709963798523,0,-0.005231000017374754,-0.10039500147104263,0.9949340224266052,0,0.0557279996573925,0.5480239987373352,0,1
B30,mixamorig_RightHandIndex4,29,1,0,0,0,0,1,0,0,0,0,1,0,0.019675999879837036,0.41751301288604736,0,1
B31,mixamorig_LeftUpLeg,0,-0.8990070223808289,-0.20886200666427612,0.38492101430892944,0,0.4135969877243042,-0.6938629746437073,0.5894849896430969,0,0.14396099746227264,0.6891530156135559,0.7101719975471497,0,1.022987961769104,-0.6898429989814758,-0.1812169998884201,1
B32,mixamorig_LeftLeg,31,0.9902840256690979,0.09398800134658813,0.10249000042676926,0,0.005634000059217215,0.7092940211296082,-0.7048900127410889,0,-0.13894599676132202,0.69861900806427,0.7018730044364929,0,0,5.231299877166748,0,1
B33,mixamorig_LeftFoot,32,0.9689499735832214,-0.24437299370765686,0.03765200078487396,0,0.07913800328969955,0.4507800042629242,0.8891199827194214,0,-0.2342499941587448,-0.8585330247879028,0.4561220109462738,0,0,4.76700496673584,0,1
B34,mixamorig_LeftToeBase,33,0.9826520085334778,-0.0012359999818727374,0.18545399606227875,0,-0.10704199969768524,0.8128179907798767,0.5725979804992676,0,-0.15144799649715424,-0.5825160145759583,0.7985849976539612,0,0,1.9788390398025513,0,1
B35,mixamorig_LeftToe_End,34,1,0,0,0,0,1,0,0,0,0,1,0,0,0.7514830231666565,0,1
B36,mixamorig_RightUpLeg,0,-0.9436699748039246,0.11280299723148346,-0.31106698513031006,0,-0.2720479965209961,-0.7996349930763245,0.5353270173072815,0,-0.18835300207138062,0.5897970199584961,0.7852789759635925,0,-1.022987961769104,-0.6898429989814758,-0.09872400015592575,1
B37,mixamorig_RightLeg,36,0.9874809980392456,-0.10309399664402008,-0.11938299983739853,0,-0.013701999559998512,0.6979280114173889,-0.7160369753837585,0,0.15713900327682495,0.7087090015411377,0.6877779960632324,0,0,5.234388828277588,0,1
B38,mixamorig_RightFoot,37,0.974291980266571,0.22310799360275269,-0.03128499910235405,0,-0.0552619993686676,0.3712939918041229,0.9268689751625061,0,0.21840800344944,-0.901311993598938,0.37407800555229187,0,0,4.769873142242432,0,1
B39,mixamorig_RightToeBase,38,0.9824299812316895,0,-0.18663400411605835,0,0.10730300098657608,0.8181949853897095,0.5648379921913147,0,0.15270300209522247,-0.574940025806427,0.8038190007209778,0,0,1.9828089475631714,0,1
B40,mixamorig_RightToe_End,39,1,0,0,0,0,1,0,0,0,0,1,0,0,0.7492420077323914,0,1
@34,0,1,2,3,4,5,7,8,9,10,11,12,13,15,16,17,19,20,21,22,23,24,25,27,28,29,31,32,33,34,36,37,38,39
K0.000,0.9454081654548645,-0.06559902429580688,0.3192175626754761,0,-0.0006910253432579339,0.9791249632835388,0.20325621962547302,0,-0.3258874714374542,-0.19238077104091644,0.9256278872489929,0,0.039694998413324356,10.803903579711914,-0.06628800183534622,1,0.9992669820785522,0.036996010690927505,0.009863186627626419,0,-0.035737987607717514,0.9936730265617371,-0.10647176206111908,0,-0.013739814050495625,0.10604123771190643,0.994266927242279,0,0,1.2427419424057007,-0.1856590062379837,1,0.9994580149650574,0.019158782437443733,0.026770055294036865,0,-0.02247021533548832,0.9913319945335388,0.1294478327035904,0,-0.024057943373918533,-0.12997916340827942,0.9912249445915222,0,0,1.4659559726715088,0,1,0.9994840025901794,0.020202012732625008,0.02496500313282013,0,-0.0232749842107296,0.991284966468811,0.1296624094247818,0,-0.022127998992800713,-0.1301766186952591,0.9912441372871399,0,0,1.6753770112991333,0,1,0.9974240064620972,-0.03891587257385254,-0.060261018574237823,0,0.041606128215789795,0.9981629848480225,0.0440511479973793,0,0.05843598023056984,-0.046444859355688095,0.9972100257873535,0,0,1.8847999572753906,0,1,0.9677609801292419,-0.11626496911048889,-0.22343014180660248,0,0.020642036572098732,0.9207121133804321,-0.38969680666923523,0,0.2510228455066681,0.37252122163772583,0.8934289216995239,0,0,0.855912983417511,0.3470599949359894,1,-0.1325860321521759,0.006021175999194384,-0.9911531805992126,0,0.9240579605102539,-0.3609585165977478,-0.12580348551273346,0,-0.3585224151611328,-0.9325622320175171,0.04229404777288437,0,0.652642011642456,1.576030969619751,-0.03514900058507919,1,0.8929011225700378,0.4159257709980011,-0.17243002355098724,0,-0.17143528163433075,0.668175220489502,0.7239837050437927,0,0.4163369834423065,-0.6168853044509888,0.6679187417030334,0,0,1.451390027999878,0,1,0.10622929036617279,0.9901368618011475,-0.09134827554225922,0,-0.9928979873657227,0.10067864507436752,-0.06337517499923706,0,-0.05355328321456909,0.09743181616067886,0.9937999844551086,0,0,3.2703590393066406,0,1,0.46388688683509827,-0.34774118661880493,-0.8147910833358765,0,-0.1088811382651329,0.890386164188385,-0.4419936239719391,0,0.8791779279708862,0.2937503755092621,0.37517592310905457,0,0,2.8214590549468994,0,1,0.9125590324401855,0.408881813287735,0.007163149304687977,0,-0.40894320607185364,0.9124599099159241,0.013481246307492256,0,-0.0010238505201414227,-0.015231754630804062,0.9998829960823059,0,-0.3050509989261627,0.43549299240112305,0,1,0.9792560338973999,0.2023700624704361,-0.01021022628992796,0,-0.20095795392990112,0.9764090776443481,0.07900587469339371,0,0.025957772508263588,-0.07531512528657913,0.9968219995498657,0,-0.06800000369548798,0.4198940098285675,0,1,0.902577817440033,-0.39692914485931396,0.1667332649230957,0,0.29149386286735535,0.8484219312667847,0.44182828068733215,0,-0.3168346881866455,-0.3501827120780945,0.8814693093299866,0,-0.004792999941855669,0.4857949912548065,0,1,0.9200750589370728,0.3696860671043396,0.12959492206573486,0,-0.37217798829078674,0.9281460046768188,-0.005331757012754679,0,-0.12225408852100372,-0.04332675784826279,0.9915530681610107,0,0,0.9967560172080994,0,1,0.9966930150985718,0.07580883800983429,0.02924206107854843,0,-0.08083516359329224,0.9615870714187622,0.2623288929462433,0,-0.00823193695396185,-0.26382508873939514,0.9645349383354187,0,0.060189999639987946,0.5512700080871582,0,1,0.9003298878669739,0.426460325717926,0.08682402968406677,0,-0.4114696681499481,0.7691201567649841,0.4890260100364685,0,0.14177203178405762,-0.4760100245475769,0.8679370284080505,0,-0.026318000629544258,0.4993000030517578,0,1,0.002441168762743473,-0.023680662736296654,0.9997169971466064,0,-0.9310402870178223,-0.3648604452610016,-0.006369077600538731,0,0.3649078905582428,-0.9307610392570496,-0.022938383743166924,0,-0.652642011642456,1.5792399644851685,-0.05662799999117851,1,0.9129258990287781,-0.4080822169780731,-0.005994083825498819,0,0.25119683146476746,0.5502590537071228,0.7963130474090576,0,-0.3216630518436432,-0.7284809350967407,0.6048550009727478,0,0,1.451390027999878,0,1,0.03412080183625221,-0.9960960149765015,0.08142027258872986,0,0.9985380172729492,0.030560219660401344,-0.044583577662706375,0,0.041921280324459076,0.08282241970300674,0.9956819415092468,0,0,3.2765069007873535,0,1,0.3151521682739258,-0.10011512041091919,0.9437459111213684,0,0.10618386417627335,0.9918959736824036,0.06976421922445297,0,-0.9430820941925049,0.07822422683238983,0.32322871685028076,0,0,2.8292040824890137,0,1,0.8739748597145081,-0.4809073805809021,0.06997406482696533,0,0.4391787052154541,0.7199451327323914,-0.5374020338058472,0,0.20806308090686798,0.5004069209098816,0.8404179811477661,0,0.32116401195526123,0.5079699754714966,0,1,0.8804789185523987,0.4739931523799896,0.009348072111606598,0,-0.42466986179351807,0.7797850966453552,0.45999088883399963,0,0.21074306964874268,-0.40898212790489197,0.887874960899353,0,0.08328499644994736,0.4735170006752014,0,1,0.8658279180526733,-0.49118298292160034,0.09529729187488556,0,0.4967789649963379,0.8212339878082275,-0.2806890606880188,0,0.05960829555988312,0.2903699278831482,0.9550560116767883,0,-0.002070999937132001,0.4775800108909607,0,1,0.9756320714950562,0.20564880967140198,0.07649105042219162,0,-0.1897912174463272,0.9659018516540527,-0.1761012226343155,0,-0.11009794473648071,0.15729279816150665,0.9813960194587708,0,0,1.0201549530029297,0,1,0.9429890513420105,-0.3156837821006775,-0.10542920976877213,0,0.3248492181301117,0.8040698170661926,0.4979401230812073,0,-0.07241921126842499,-0.5038009285926819,0.8607790470123291,0,-0.07540299743413925,0.5894140005111694,0,1,0.987625002861023,-0.15647289156913757,-0.010596245527267456,0,0.1567441076040268,0.9825669527053833,0.09997111558914185,0,-0.005231246817857027,-0.10039488971233368,0.9949340224266052,0,0.0557279996573925,0.5480239987373352,0,1,-0.8990072011947632,-0.20886197686195374,0.3849208354949951,0,0.413597047328949,-0.693863034248352,0.5894851684570312,0,0.14396120607852936,0.6891530752182007,0.7101719975471497,0,1.022987961769104,-0.6898429989814758,-0.1812169998884201,1,0.9902841448783875,0.09398774802684784,0.1024896577000618,0,0.005633742548525333,0.7092939019203186,-0.7048901319503784,0,-0.13894633948802948,0.6986188888549805,0.7018730044364929,0,0,5.231299877166748,0,1,0.9689499735832214,-0.24437285959720612,0.03765231743454933,0,0.07913815230131149,0.4507797956466675,0.8891200423240662,0,-0.23424966633319855,-0.8585330247879028,0.4561222493648529,0,0,4.76700496673584,0,1,0.9826520085334778,-0.0012364350259304047,0.18545381724834442,0,-0.10704243928194046,0.8128179907798767,0.5725979804992676,0,-0.15144819021224976,-0.5825160145759583,0.7985849380493164,0,0,1.9788390398025513,0,1,-0.9436700344085693,0.1128029152750969,-0.31106671690940857,0,-0.2720480263233185,-0.7996348142623901,0.5353270769119263,0,-0.1883532702922821,0.5897969603538513,0.7852789759635925,0,-1.022987961769104,-0.6898429989814758,-0.09872400015592575,1,0.9874810576438904,-0.10309383273124695,-0.1193825751543045,0,-0.013701830990612507,0.6979278326034546,-0.7160370945930481,0,0.15713943541049957,0.7087088823318481,0.6877779960632324,0,0,5.234388828277588,0,1,0.974291980266571,0.2231079339981079,-0.03128519654273987,0,-0.055262044072151184,0.3712940216064453,0.9268689751625061,0,0.21840780973434448,-0.901311993598938,0.3740781843662262,0,0,4.769873142242432,0,1,0.9824299812316895,1.5519884755121893e-7,-0.18663398921489716,0,0.10730315744876862,0.8181949853897095,0.5648380517959595,0,0.15270301699638367,-0.5749400854110718,0.8038190007209778,0,0,1.9828089475631714,0,1
K0.034,0.947628915309906,-0.06813223659992218,0.3120231032371521,0,0.0018710177391767502,0.9781473278999329,0.20790237188339233,0,-0.31936943531036377,-0.1964305192232132,0.9270482659339905,0,0.007412181235849857,10.859447479248047,-0.08078283816576004,1,0.9993731379508972,0.03507542982697487,0.004779137205332518,0,-0.03434734046459198,0.9934624433517456,-0.10887192189693451,0,-0.008566624484956264,0.10863954573869705,0.9940446615219116,0,0,1.2427419424057007,-0.1856590062379837,1,0.9995728135108948,0.018356885761022568,0.022735513746738434,0,-0.021103864535689354,0.9916569590568542,0.12716302275657654,0,-0.02021152526140213,-0.12758858501911163,0.9916213154792786,0,0,1.4659559726715088,0,1,0.9995846152305603,0.019292781129479408,0.021414998918771744,0,-0.021867789328098297,0.991614043712616,0.12737394869327545,0,-0.0187780000269413,-0.12778924405574799,0.9916232228279114,0,0,1.6753770112991333,0,1,0.9977752566337585,-0.034006766974925995,-0.057348307222127914,0,0.036568161100149155,0.9983518123626709,0.04422250762581825,0,0.055749908089637756,-0.046221233904361725,0.9973739981651306,0,0,1.8847999572753906,0,1,0.969576895236969,-0.11821744590997696,-0.21434585750102997,0,0.026118025183677673,0.9206134676933289,-0.38960000872612,0,0.2433873414993286,0.37214910984039307,0.8956937193870544,0,0,0.855912983417511,0.3470599949359894,1,-0.1296229213476181,0.005819740239530802,-0.9915462732315063,0,0.9259898662567139,-0.356898695230484,-0.1231476292014122,0,-0.35459837317466736,-0.934124767780304,0.040873248130083084,0,0.652642011642456,1.576030969619751,-0.03514900058507919,1,0.8796125650405884,0.43289780616760254,-0.1971849650144577,0,-0.16786137223243713,0.6703289151191711,0.7228286862373352,0,0.4450896382331848,-0.6027092933654785,0.6622964143753052,0,0,1.451390027999878,0,1,0.1193142980337143,0.9887410998344421,-0.09030493348836899,0,-0.9914689064025879,0.11384652554988861,-0.06347030401229858,0,-0.052474796772003174,0.0971074253320694,0.9938895106315613,0,0,3.2703590393066406,0,1,0.4571222960948944,-0.34125256538391113,-0.8213322162628174,0,-0.10849326103925705,0.8951717615127563,-0.4323151409626007,0,0.8827621936798096,0.28672996163368225,0.37217941880226135,0,0,2.8214590549468994,0,1,0.9125590324401855,0.408881813287735,0.007163149304687977,0,-0.40894320607185364,0.9124599099159241,0.013481246307492256,0,-0.0010238505201414227,-0.015231754630804062,0.9998829960823059,0,-0.3050509989261627,0.43549299240112305,0,1,0.9792560338973999,0.2023700326681137,-0.010209733620285988,0,-0.2009579837322235,0.9764090776443481,0.07900582253932953,0,0.025957278907299042,-0.07531516999006271,0.9968219995498657,0,-0.06800000369548798,0.4198940098285675,0,1,0.9025779366493225,-0.3969290554523468,0.1667328029870987,0,0.2914939522743225,0.8484219312667847,0.44182825088500977,0,-0.31683412194252014,-0.35018274188041687,0.8814690113067627,0,-0.004792999941855669,0.4857949912548065,0,1,0.9200750589370728,0.3696860671043396,0.12959492206573486,0,-0.37217798829078674,0.9281460046768188,-0.005331757012754679,0,-0.12225408852100372,-0.04332675784826279,0.9915530681610107,0,0,0.9967560172080994,0,1,0.9966930150985718,0.07580883800983429,0.02924206107854843,0,-0.08083516359329224,0.9615870714187622,0.2623288929462433,0,-0.00823193695396185,-0.26382508873939514,0.9645349383354187,0,0.060189999639987946,0.5512700080871582,0,1,0.9003289341926575,0.4264600872993469,0.08682404458522797,0,-0.41146987676620483,0.7691200375556946,0.4890260100364685,0,0.1417720466852188,-0.4760100245475769,0.8679370284080505,0,-0.026318000629544258,0.4993000030517578,0,1,0.003740586806088686,-0.025331789627671242,0.9996717572212219,0,-0.9303082227706909,-0.3667333722114563,-0.005812002345919609,0,0.3667600452899933,-0.9299808144569397,-0.0249381884932518,0,-0.652642011642456,1.5792399644851685,-0.05662799999117851,1,0.9118703603744507,-0.41046562790870667,-0.0031847443897277117,0,0.24494458734989166,0.5378983020782471,0.8066396713256836,0,-0.32938480377197266,-0.7363309264183044,0.5910348892211914,0,0,1.451390027999878,0,1,0.060700442641973495,-0.9949544668197632,0.07988592982292175,0,0.9973534345626831,0.05724729970097542,-0.04483065381646156,0,0.04003116488456726,0.08239566534757614,0.9957951903343201,0,0,3.2765069007873535,0,1,0.2715562582015991,-0.09472870826721191,0.9577494859695435,0,0.09731792658567429,0.9927462339401245,0.07059703767299652,0,-0.9574898481369019,0.07403513789176941,0.27880528569221497,0,0,2.8292040824890137,0,1,0.8739751577377319,-0.48090678453445435,0.06997382640838623,0,0.4391782879829407,0.7199457883834839,-0.5374020934104919,0,0.20806284248828888,0.5004068613052368,0.8404181003570557,0,0.32116401195526123,0.5079699754714966,0,1,0.880479097366333,0.47399282455444336,0.009347721934318542,0,-0.42466920614242554,0.7797850370407104,0.4599897563457489,0,0.21074271202087402,-0.40898120403289795,0.8878749012947083,0,0.08328499644994736,0.4735170006752014,0,1,0.8658279180526733,-0.49118298292160034,0.09529779851436615,0,0.49677902460098267,0.8212339878082275,-0.28068894147872925,0,0.05960780382156372,0.29037004709243774,0.9550560116767883,0,-0.002070999937132001,0.4775800108909607,0,1,0.9755773544311523,0.20590892434120178,0.0764811560511589,0,-0.19002008438110352,0.9658077955245972,-0.17637233436107635,0,-0.11018277704715729,0.1575319468975067,0.981347382068634,0,0,1.0201549530029297,0,1,0.9430375695228577,-0.31555941700935364,-0.10536567866802216,0,0.32472047209739685,0.8041873574256897,0.49783486127853394,0,-0.0723627582192421,-0.503691554069519,0.8608477711677551,0,-0.07540299743413925,0.5894140005111694,0,1,0.9876370429992676,-0.15640048682689667,-0.010590970516204834,0,0.15667179226875305,0.9825853109359741,0.09990003705024719,0,-0.005217879544943571,-0.10032426565885544,0.9949410557746887,0,0.0557279996573925,0.5480239987373352,0,1,-0.8962223529815674,-0.21115927398204803,0.3901245892047882,0,0.4173266291618347,-0.6995264291763306,0.5800864100456238,0,0.15041184425354004,0.6826958656311035,0.7150536179542542,0,1.022987961769104,-0.6898429989814758,-0.1812169998884201,1,0.9908573031425476,0.08143921196460724,0.10756455361843109,0,0.013322822749614716,0.7343080639839172,-0.6786853671073914,0,-0.13425703346729279,0.6739130020141602,0.7265090346336365,0,0,5.231299877166748,0,1,0.9721543192863464,-0.23074530065059662,0.04088981822133064,0,0.07394259423017502,0.46761804819107056,0.8808320760726929,0,-0.22236885130405426,-0.8532819151878357,0.47165918350219727,0,0,4.76700496673584,0,1,0.9826596975326538,-0.001149034476839006,0.18541669845581055,0,-0.10700022429227829,0.8131654262542725,0.5721122026443481,0,-0.1514318436384201,-0.58203125,0.798941969871521,0,0,1.9788390398025513,0,1,-0.9407421946525574,0.10467345267534256,-0.32256579399108887,0,-0.269856333732605,-0.807118833065033,0.5251062512397766,0,-0.20538416504859924,0.5810357332229614,0.787537157535553,0,-1.022987961769104,-0.6898429989814758,-0.09872400015592575,1,0.9871429204940796,-0.09749673306941986,-0.12665843963623047,0,-0.018788957968354225,0.7161462306976318,-0.697697639465332,0,0.15872928500175476,0.6911073923110962,0.7051071524620056,0,0,5.234388828277588,0,1,0.9727932810783386,0.22972463071346283,-0.030009469017386436,0,-0.06251110136508942,0.3849959075450897,0.9207981824874878,0,0.2230835258960724,-0.8938703536987305,0.38888177275657654,0,0,4.769873142242432,0,1,0.9842521548271179,-0.006294116377830505,-0.17665819823741913,0,0.10845675319433212,0.8106597661972046,0.5753845572471619,0,0.13958817720413208,-0.5854833126068115,0.7985763549804688,0,0,1.9828089475631714,0,1
K0.068,0.9495402574539185,-0.06815895438194275,0.30614927411079407,0,0.0020123485010117292,0.9774061441421509,0.21136151254177094,0,-0.31363826990127563,-0.20008014142513275,0.9282233715057373,0,-0.027934452518820763,10.909746170043945,-0.09802607446908951,1,0.9994264841079712,0.0337168388068676,-0.0029943357221782207,0,-0.03383971005678177,0.9930886030197144,-0.11237809807062149,0,-0.0008153941598720849,0.11241505295038223,0.9936607480049133,0,0,1.2427419424057007,-0.1856590062379837,1,0.9996958374977112,0.01810472458600998,0.016740968450903893,0,-0.02003849297761917,0.9921218156814575,0.12366703897714615,0,-0.014370123855769634,-0.12396490573883057,0.9921829104423523,0,0,1.4659559726715088,0,1,0.9996946454048157,0.01888047158718109,0.015920251607894897,0,-0.020709184929728508,0.9920841455459595,0.12385749816894531,0,-0.013455747626721859,-0.12414944916963577,0.9921727776527405,0,0,1.6753770112991333,0,1,0.9979249238967896,-0.034424860030412674,-0.05440615117549896,0,0.036963969469070435,0.9982395172119141,0.04637359455227852,0,0.05271399766206741,-0.04828846454620361,0.9974411725997925,0,0,1.8847999572753906,0,1,0.9721938967704773,-0.11695367097854614,-0.2028791904449463,0,0.030266638845205307,0.9218437075614929,-0.3863775432109833,0,0.2322114259004593,0.3694937825202942,0.8997515439987183,0,0,0.855912983417511,0.3470599949359894,1,-0.12407772988080978,0.0050210729241371155,-0.992259681224823,0,0.9299110174179077,-0.34832680225372314,-0.11804395169019699,0,-0.3462233245372772,-0.9373596906661987,0.038550492376089096,0,0.652642011642456,1.576030969619751,-0.03514900058507919,1,0.8621206283569336,0.4568284749984741,-0.21921579539775848,0,-0.17385604977607727,0.673056960105896,0.7188655734062195,0,0.47594302892684937,-0.581636905670166,0.6596788167953491,0,0,1.451390027999878,0,1,0.12443594634532928,0.9881473183631897,-0.08989521116018295,0,-0.9908608198165894,0.1190003901720047,-0.06350487470626831,0,-0.05205462500452995,0.09697596728801727,0.9939246773719788,0,0,3.2703590393066406,0,1,0.43071866035461426,-0.3191320300102234,-0.8441773653030396,0,-0.11256130784749985,0.9090908169746399,-0.4011032283306122,0,0.8954390287399292,0.2677844166755676,0.35564056038856506,0,0,2.8214590549468994,0,1,0.9125590324401855,0.408881813287735,0.007163151632994413,0,-0.40894320607185364,0.9124599099159241,0.0134812593460083,0,-0.0010238478425890207,-0.015231766737997532,0.9998829960823059,0,-0.3050509989261627,0.43549299240112305,0,1,0.9792560338973999,0.2023705393075943,-0.010210197418928146,0,-0.20095843076705933,0.9764090180397034,0.07900586724281311,0,0.025957776233553886,-0.07531511038541794,0.9968219995498657,0,-0.06800000369548798,0.4198940098285675,0,1,0.9025779366493225,-0.3969290554523468,0.1667328029870987,0,0.2914939522743225,0.8484219312667847,0.44182825088500977,0,-0.31683412194252014,-0.35018274188041687,0.8814690113067627,0,-0.004792999941855669,0.4857949912548065,0,1,0.9200750589370728,0.3696860671043396,0.12959492206573486,0,-0.37217798829078674,0.9281460046768188,-0.005331757012754679,0,-0.12225408852100372,-0.04332675784826279,0.9915530681610107,0,0,0.9967560172080994,0,1,0.9966930150985718,0.07580883800983429,0.02924206107854843,0,-0.08083516359329224,0.9615870714187622,0.2623288929462433,0,-0.00823193695396185,-0.26382508873939514,0.9645349383354187,0,0.060189999639987946,0.5512700080871582,0,1,0.9003289341926575,0.4264600872993469,0.08682403713464737,0,-0.41146987676620483,0.7691200375556946,0.4890260100364685,0,0.1417720466852188,-0.4760100245475769,0.8679370284080505,0,-0.026318000629544258,0.4993000030517578,0,1,0.01486898772418499,-0.027731139212846756,0.999504804611206,0,-0.9313563108444214,-0.3640899956226349,0.003753518220037222,0,0.36380553245544434,-0.9309504628181458,-0.03124115988612175,0,-0.652642011642456,1.5792399644851685,-0.05662799999117851,1,0.9134781360626221,-0.4068679213523865,-0.003937044646590948,0,0.24114809930324554,0.5335685610771179,0.8106491565704346,0,-0.32772648334503174,-0.7414597868919373,0.5855186581611633,0,0,1.451390027999878,0,1,0.1022154688835144,-0.9917521476745605,0.07732929289340973,0,0.9940627217292786,0.0989203155040741,-0.04531457647681236,0,0.03729139268398285,0.08150201290845871,0.9959750175476074,0,0,3.2765069007873535,0,1,0.21404315531253815,-0.08792096376419067,0.9728593826293945,0,0.08634813874959946,0.9937455058097839,0.07081067562103271,0,-0.9729997515678406,0.06884801387786865,0.22029609978199005,0,0,2.8292040824890137,0,1,0.8739749789237976,-0.4809071719646454,0.06997393816709518,0,0.4391788840293884,0.7199459671974182,-0.5374022722244263,0,0.20806294679641724,0.5004067420959473,0.8404181599617004,0,0.32116401195526123,0.5079699754714966,0,1,0.880479097366333,0.47399282455444336,0.009347897954285145,0,-0.42466917634010315,0.7797847986221313,0.4599902033805847,0,0.21074289083480835,-0.4089818596839905,0.8878751397132874,0,0.08328499644994736,0.4735170006752014,0,1,0.8658277988433838,-0.49118319153785706,0.09529785811901093,0,0.49677884578704834,0.8212331533432007,-0.2806888222694397,0,0.05960787087678909,0.2903701663017273,0.9550560116767883,0,-0.002070999937132001,0.4775800108909607,0,1,0.9755347371101379,0.20611488819122314,0.0764736756682396,0,-0.19020114839076996,0.9657331705093384,-0.1765856146812439,0,-0.11025011539459229,0.15772007405757904,0.9813098907470703,0,0,1.0201549530029297,0,1,0.9430751204490662,-0.3154630661010742,-0.10531622916460037,0,0.32462048530578613,0.8042781949043274,0.4977528750896454,0,-0.07231912761926651,-0.5036064386367798,0.8609009981155396,0,-0.07540299743413925,0.5894140005111694,0,1,0.987646222114563,-0.15634527802467346,-0.010586654767394066,0,0.1566167175769806,0.9826000332832336,0.09984543174505234,0,-0.005207911599427462,-0.10026995092630386,0.9949468970298767,0,0.0557279996573925,0.5480239987373352,0,1,-0.893348753452301,-0.20863790810108185,0.3979933559894562,0,0.41922080516815186,-0.7058727741241455,0.5709607005119324,0,0.16180872917175293,0.676914632320404,0.7180564403533936,0,1.022987961769104,-0.6898429989814758,-0.1812169998884201,1,0.9910799264907837,0.07238998264074326,0.11189500242471695,0,0.018347011879086494,0.757506787776947,-0.6525694131851196,0,-0.13200069963932037,0.648801326751709,0.7494215369224548,0,0,5.231299877166748,0,1,0.9753183126449585,-0.2169419676065445,0.04110115021467209,0,0.07148490101099014,0.4863629937171936,0.8708275556564331,0,-0.20890934765338898,-0.8463968634605408,0.48986732959747314,0,0,4.76700496673584,0,1,0.9826351404190063,-0.0014036743668839335,0.18554222583770752,0,-0.1071108803153038,0.8122390508651733,0.5734061002731323,0,-0.15150955319404602,-0.5833227634429932,0.7979846000671387,0,0,1.9788390398025513,0,1,-0.9367018342018127,0.09822453558444977,-0.3360672891139984,0,-0.27025526762008667,-0.8130761981010437,0.5156246423721313,0,-0.22260133922100067,0.5738105177879333,0.788155734539032,0,-1.022987961769104,-0.6898429989814758,-0.09872400015592575,1,0.987191915512085,-0.0896313488483429,-0.13198041915893555,0,-0.024760708212852478,0.7311604619026184,-0.6817561388015747,0,0.15760546922683716,0.6762916445732117,0.7195758819580078,0,0,5.234388828277588,0,1,0.9732961654663086,0.22781389951705933,-0.028188735246658325,0,-0.06476599723100662,0.39033952355384827,0.9183902144432068,0,0.2202252447605133,-0.8920400142669678,0.3946705758571625,0,0,4.769873142242432,0,1,0.985846221446991,-0.013064991682767868,-0.16714106500148773,0,0.10891249775886536,0.8078412413597107,0.5792503952980042,0,0.12745551764965057,-0.5892555117607117,0.7978300452232361,0,0,1.9828089475631714,0,1
K0.101,0.9500963687896729,-0.06611630320549011,0.3048683702945709,0,0.0006279230583459139,0.9776851534843445,0.2100720852613449,0,-0.3119547367095947,-0.19939744472503662,0.9289373755455017,0,-0.07893706858158112,10.957574844360352,-0.12935957312583923,1,0.9993096590042114,0.034810420125722885,-0.012986607849597931,0,-0.03609476238489151,0.9924508333206177,-0.11721426248550415,0,0.00880829244852066,0.11760209500789642,0.9930222034454346,0,0,1.2427419424057007,-0.1856590062379837,1,0.9997774958610535,0.018865998834371567,0.009460411965847015,0,-0.01985791325569153,0.9927039742469788,0.11893167346715927,0,-0.007147619500756264,-0.11909300088882446,0.9928571581840515,0,0,1.4659559726715088,0,1,0.9997693300247192,0.019446538761258125,0.009064212441444397,0,-0.02038806676864624,0.992676854133606,0.11906556785106659,0,-0.0066824243403971195,-0.1192229688167572,0.9928448796272278,0,0,1.6753770112991333,0,1,0.9973101615905762,-0.0481417179107666,-0.05527698993682861,0,0.05096283555030823,0.9974069595336914,0.05081446096301079,0,0.05268736928701401,-0.053494855761528015,0.9971776604652405,0,0,1.8847999572753906,0,1,0.9747236967086792,-0.10757768154144287,-0.19580934941768646,0,0.026794761419296265,0.9264013171195984,-0.3755827844142914,0,0.22180236876010895,0.360842764377594,0.9058678150177002,0,0,0.855912983417511,0.3470599949359894,1,-0.120984748005867,0.004403969272971153,-0.992644727230072,0,0.9324848055839539,-0.34235721826553345,-0.11517126113176346,0,-0.34034600853919983,-0.9395593404769897,0.03731329366564751,0,0.652642011642456,1.576030969619751,-0.03514900058507919,1,0.8409112095832825,0.4830571413040161,-0.2439740151166916,0,-0.18831011652946472,0.6838383674621582,0.7049148678779602,0,0.5073529481887817,-0.546828031539917,0.6660119295120239,0,0,1.451390027999878,0,1,0.11635368317365646,0.9890719652175903,-0.09054163098335266,0,-0.9918075203895569,0.11086709052324295,-0.06345066428184509,0,-0.05271924287080765,0.09718267619609833,0.9938697814941406,0,0,3.2703590393066406,0,1,0.3934696316719055,-0.29383018612861633,-0.8711180686950684,0,-0.09824150800704956,0.9286845326423645,-0.35762155055999756,0,0.9140740633010864,0.22629322111606598,0.33654293417930603,0,0,2.8214590549468994,0,1,0.9125588536262512,0.4088822305202484,0.007163255009800196,0,-0.4089438021183014,0.9124601483345032,0.013481728732585907,0,-0.0010237452806904912,-0.01523223239928484,0.9998829960823059,0,-0.3050509989261627,0.43549299240112305,0,1,0.9792560338973999,0.2023700475692749,-0.010209775529801846,0,-0.20095796883106232,0.9764090180397034,0.07900534570217133,0,0.025957226753234863,-0.07531470060348511,0.9968219995498657,0,-0.06800000369548798,0.4198940098285675,0,1,0.9025779366493225,-0.3969290554523468,0.1667328029870987,0,0.2914939522743225,0.8484219312667847,0.44182825088500977,0,-0.31683412194252014,-0.35018274188041687,0.8814690113067627,0,-0.004792999941855669,0.4857949912548065,0,1,0.9200750589370728,0.369686096906662,0.12959492206573486,0,-0.37217801809310913,0.9281460046768188,-0.005331758875399828,0,-0.12225408852100372,-0.043326761573553085,0.9915530681610107,0,0,0.9967560172080994,0,1,0.9966930150985718,0.07580883800983429,0.02924206107854843,0,-0.08083516359329224,0.9615870714187622,0.2623288929462433,0,-0.00823193695396185,-0.26382508873939514,0.9645349383354187,0,0.060189999639987946,0.5512700080871582,0,1,0.9003298878669739,0.426460325717926,0.08682402968406677,0,-0.4114696681499481,0.7691201567649841,0.4890260100364685,0,0.14177203178405762,-0.4760100245475769,0.8679370284080505,0,-0.026318000629544258,0.4993000030517578,0,1,0.04368290677666664,-0.031849347054958344,0.998537540435791,0,-0.934020459651947,-0.3559997081756592,0.029505465179681778,0,0.35453927516937256,-0.9339430332183838,-0.04529895260930061,0,-0.652642011642456,1.5792399644851685,-0.05662799999117851,1,0.9147960543632507,-0.4030514657497406,-0.02640734799206257,0,0.25779443979263306,0.5322780609130859,0.806363046169281,0,-0.31094980239868164,-0.7444655895233154,0.5908303260803223,0,0,1.451390027999878,0,1,0.19549967348575592,-0.9781098365783691,0.07127653062343597,0,0.9801955819129944,0.19254359602928162,-0.046286407858133316,0,0.0315493643283844,0.07891396433115005,0.9963817596435547,0,0,3.2765069007873535,0,1,0.14146341383457184,-0.08350764960050583,0.9864147901535034,0,0.07449115812778473,0.9945091009140015,0.07350999861955643,0,-0.9871366024017334,0.06308016180992126,0.14690715074539185,0,0,2.8292040824890137,0,1,0.8739751577377319,-0.48090678453445435,0.06997382640838623,0,0.4391782879829407,0.7199457883834839,-0.5374020934104919,0,0.20806284248828888,0.5004068613052368,0.8404181003570557,0,0.32116401195526123,0.5079699754714966,0,1,0.880479097366333,0.47399282455444336,0.009347721934318542,0,-0.42466920614242554,0.7797850370407104,0.4599897563457489,0,0.21074271202087402,-0.40898120403289795,0.8878749012947083,0,0.08328499644994736,0.4735170006752014,0,1,0.8658277988433838,-0.49118322134017944,0.09529784321784973,0,0.4967788755893707,0.8212332129478455,-0.2806888520717621,0,0.059607889503240585,0.2903701663017273,0.9550560116767883,0,-0.002070999937132001,0.4775800108909607,0,1,0.9759032726287842,0.2043405920267105,0.07653754949569702,0,-0.18864107131958008,0.9663751125335693,-0.17474044859409332,0,-0.1096704751253128,0.15609154105186462,0.9816349744796753,0,0,1.0201549530029297,0,1,0.9427468776702881,-0.31630173325538635,-0.1057438924908638,0,0.3254891037940979,0.8034875392913818,0.4984622597694397,0,-0.07270053774118423,-0.5043419599533081,0.8604376912117004,0,-0.07540299743413925,0.5894140005111694,0,1,0.9875684976577759,-0.15682919323444366,-0.010622421279549599,0,0.15709932148456573,0.982474684715271,0.1003182977437973,0,-0.005296574905514717,-0.10073992609977722,0.9948983788490295,0,0.0557279996573925,0.5480239987373352,0,1,-0.8899310231208801,-0.207920640707016,0.4059465229511261,0,0.4211130440235138,-0.7164266705513,0.5562350153923035,0,0.17517812550067902,0.6659601330757141,0.7251282334327698,0,1.022987961769104,-0.6898429989814758,-0.1812169998884201,1,0.9908957481384277,0.06364656984806061,0.11863692104816437,0,0.02435065247118473,0.7819378972053528,-0.6228805184364319,0,-0.13241085410118103,0.620098352432251,0.7732688188552856,0,0,5.231299877166748,0,1,0.9781283736228943,-0.20327918231487274,0.04406893625855446,0,0.06677304208278656,0.5075274109840393,0.8590438365936279,0,-0.19699206948280334,-0.8373132348060608,0.5100009441375732,0,0,4.76700496673584,0,1,0.9826037287712097,-0.0017417191993445158,0.18570777773857117,0,-0.10725895315408707,0.811002254486084,0.5751270651817322,0,-0.15161100029945374,-0.5850403308868408,0.7967063188552856,0,0,1.9788390398025513,0,1,-0.9338142275810242,0.09540408104658127,-0.3448038697242737,0,-0.27049124240875244,-0.81906658411026,0.5059289336204529,0,-0.23414967954158783,0.565710186958313,0.7906621098518372,0,-1.022987961769104,-0.6898429989814758,-0.09872400015592575,1,0.9875950217247009,-0.07910484075546265,-0.13564452528953552,0,-0.03223426267504692,0.7433093190193176,-0.6681711673736572,0,0.15368129312992096,0.6642544269561768,0.7315381169319153,0,0,5.234388828277588,0,1,0.97420334815979,0.22403542697429657,-0.027138423174619675,0,-0.06448386609554291,0.39159050583839417,0.9178775548934937,0,0.21626412868499756,-0.892448902130127,0.3959352672100067,0,0,4.769873142242432,0,1,0.9871335029602051,-0.018865779042243958,-0.15877892076969147,0,0.10923463851213455,0.8047336935997009,0.5834984183311462,0,0.11676675081253052,-0.5933358073234558,0.7964414358139038,0,0,1.9828089475631714,0,1
