9.600,30,289,41
B0,mixamorig_Hips,-1,0.8163949847221375,0.4776740074157715,-0.32454198598861694,0,-0.5415449738502502,0.438057005405426,-0.717519998550415,0,-0.20057199895381927,0.7615339756011963,0.6163089871406555,0,-0.14817500114440918,3.8631410598754883,0.039799999445676804,1
B1,mixamorig_Spine,0,0.9300609827041626,-0.27741700410842896,0.24088500440120697,0,-0.029247000813484192,0.5976579785346985,0.8012179732322693,0,-0.366237998008728,-0.7522270083427429,0.5477449893951416,0,0,1.2427419424057007,-0.1856590062379837,1
B2,mixamorig_Spine1,1,0.9938730001449585,-0.04245400056242943,0.10204900056123734,0,0.025882000103592873,0.9870120286941528,0.15854600071907043,0,-0.10745400190353394,-0.15493400394916534,0.9820640087127686,0,0,1.4659559726715088,0,1
B3,mixamorig_Spine2,2,0.9937750101089478,-0.030919000506401062,0.10703100264072418,0,0.013573000207543373,0.9871619939804077,0.15914399921894073,0,-0.11057700216770172,-0.156700000166893,0.9814370274543762,0,0,1.6753770112991333,0,1
B4,mixamorig_Neck,3,0.999023973941803,-0.023354999721050262,-0.03748999908566475,0,0.029371000826358795,0.9851909875869751,0.16892799735069275,0,0.032990001142024994,-0.1698639988899231,0.984915018081665,0,0,1.8847999572753906,0,1
B5,mixamorig_Head,4,0.9805909991264343,-0.17704999446868896,-0.08422300219535828,0,0.17049400508403778,0.982138991355896,-0.07958900183439255,0,0.0968099981546402,0.06368400156497955,0.9932630062103271,0,0,0.855912983417511,0.3470599949359894,1
B6,mixamorig_HeadTop_End,5,1,0,0,0,0,1,0,0,0,0,1,0,0,2.8392999172210693,1.1512919664382935,1
B7,mixamorig_LeftShoulder,3,0.7723180055618286,0.08371199667453766,-0.6296960115432739,0,0.6228309869766235,-0.29473599791526794,0.7247160077095032,0,-0.12492600083351135,-0.9519050121307373,-0.27976900339126587,0,0.652642011642456,1.576030969619751,-0.03514900058507919,1
B8,mixamorig_LeftArm,7,0.9186959862709045,-0.377811998128891,0.11513499915599823,0,0.3879289925098419,0.9179199934005737,-0.08327499777078629,0,-0.07422299683094025,0.12116900086402893,0.989853024482727,0,0,1.451390027999878,0,1
B9,mixamorig_LeftForeArm,8,-0.530888020992279,0.8367270231246948,-0.13433200120925903,0,-0.8397510051727295,-0.5407260060310364,-0.04933200031518936,0,-0.11391399800777435,0.08661500364542007,0.9897080063819885,0,0,3.2703590393066406,0,1
B10,mixamorig_LeftHand,9,0.8405140042304993,0.37998199462890625,-0.3861989974975586,0,-0.2936770021915436,0.9185500144958496,0.26461300253868103,0,0.4552910029888153,-0.10899300128221512,0.8836460113525391,0,0,2.8214590549468994,0,1
B11,mixamorig_LeftHandThumb1,10,0.8605780005455017,0.5084620118141174,0.029544999822974205,0,-0.4944170117378235,0.8479210138320923,-0.1912660002708435,0,-0.12230300158262253,0.1499910056591034,0.9810940027236938,0,-0.3050509989261627,0.43549299240112305,0,1
B12,mixamorig_LeftHandThumb2,11,0.9995949864387512,-0.02744399942457676,0.007476000115275383,0,0.02575399912893772,0.9848170280456543,0.1716739982366562,0,-0.01207400020211935,-0.17141200602054596,0.9851250052452087,0,-0.06800000369548798,0.4198940098285675,0,1
B13,mixamorig_LeftHandThumb3,12,0.9999529719352722,0.004040000028908253,-0.008821999654173851,0,-0.005733999889343977,0.9794809818267822,-0.2014549970626831,0,0.007826999761164188,0.20149600505828857,0.9794579744338989,0,-0.004792999941855669,0.4857949912548065,0,1
B14,mixamorig_LeftHandThumb4,13,1,0,0,0,0,1,0,0,0,0,1,0,0.07279200106859207,0.44150298833847046,0,1
B15,mixamorig_LeftHandIndex1,10,0.9928510189056396,0.11280900239944458,-0.03900900110602379,0,-0.10997000336647034,0.9915680289268494,0.06855099648237228,0,0.04641300067305565,-0.06377100199460983,0.9968850016593933,0,0,0.9967560172080994,0,1
B16,mixamorig_LeftHandIndex2,15,0.9998549818992615,0.012608000077307224,0.011483999900519848,0,-0.014481999911367893,0.9833170175552368,0.18132199347019196,0,-0.009006000123918056,-0.18146200478076935,0.9833570122718811,0,0.060189999639987946,0.5512700080871582,0,1
B17,mixamorig_LeftHandIndex3,16,0.987293004989624,0.15889699757099152,0.002167999977245927,0,-0.15663599967956543,0.9707610011100769,0.18190400302410126,0,0.026799000799655914,-0.17993199825286865,0.9833139777183533,0,-0.026318000629544258,0.4993000030517578,0,1
B18,mixamorig_LeftHandIndex4,17,1,0,0,0,0,1,0,0,0,0,1,0,-0.033872999250888824,0.5011600255966187,0,1
B19,mixamorig_RightShoulder,3,0.20537899434566498,-0.004226999823004007,0.978672981262207,0,-0.9399189949035645,-0.2795020043849945,0.19603900611400604,0,0.2727130055427551,-0.9601359963417053,-0.06137600168585777,0,-0.652642011642456,1.5792399644851685,-0.05662799999117851,1
B20,mixamorig_RightArm,19,0.9088950157165527,0.36258000135421753,-0.20602400600910187,0,0.0989530012011528,0.29241499304771423,0.9511579871177673,0,0.4051159918308258,-0.8848890066146851,0.22989599406719208,0,0,1.451390027999878,0,1
B21,mixamorig_RightForeArm,20,0.7733349800109863,-0.6333690285682678,0.02823299914598465,0,0.6339970231056213,0.7725170254707336,-0.035555001348257065,0,0.0007089999853633344,0.045396000146865845,0.9989690184593201,0,0,3.2765069007873535,0,1
B22,mixamorig_RightHand,21,0.4110170006752014,0.6422100067138672,0.6470170021057129,0,-0.01284400001168251,0.7137470245361328,-0.7002859711647034,0,-0.9115369915962219,0.2795189917087555,0.3016110062599182,0,0,2.8292040824890137,0,1
B23,mixamorig_RightHandThumb1,22,0.8375700116157532,-0.543520987033844,-0.05533599853515625,0,0.4598360061645508,0.7560330033302307,-0.46579501032829285,0,0.2950049936771393,0.36469000577926636,0.8831610083580017,0,0.32116401195526123,0.5079699754714966,0,1
B24,mixamorig_RightHandThumb2,23,0.9995449781417847,0.02981399931013584,-0.004619999788701534,0,-0.02829499915242195,0.9795079827308655,0.19941000640392303,0,0.010471000336110592,-0.1991879940032959,0.9799050092697144,0,0.08328499644994736,0.4735170006752014,0,1
B25,mixamorig_RightHandThumb3,24,0.9298409819602966,-0.2996169924736023,0.2136009931564331,0,0.3628140091896057,0.8432980179786682,-0.3965030014514923,0,-0.061330001801252365,0.4461829960346222,0.8928380012512207,0,-0.002070999937132001,0.4775800108909607,0,1
B26,mixamorig_RightHandThumb4,25,1,0,0,0,0,1,0,0,0,0,1,0,-0.08121500164270401,0.3971160054206848,0,1
B27,mixamorig_RightHandIndex1,22,0.8915089964866638,0.4096109867095947,0.19346700608730316,0,-0.15413500368595123,0.6758790016174316,-0.7207149863243103,0,-0.42597299814224243,0.6127039790153503,0.6656879782676697,0,0,1.0201549530029297,0,1
B28,mixamorig_RightHandIndex2,27,0.974032998085022,0.22635799646377563,-0.004726999904960394,0,-0.22635699808597565,0.9740440249443054,0.0006469999789260328,0,0.004751000087708235,0.00043899999582208693,0.9999889731407166,0,-0.07540299743413925,0.5894140005111694,0,1
B29,mixamorig_RightHandIndex3,28,0.9985129833221436,-0.05406700074672699,-0.006978000048547983,0,0.05407100170850754,0.998537003993988,0.00028700000257231295,0,0.006953000091016293,-0.0006639999919570982,0.9999759793281555,0,0.0557279996573925,0.5480239987373352,0,1
B30,mixamorig_RightHandIndex4,29,1,0,0,0,0,1,0,0,0,0,1,0,0.019675999879837036,0.41751301288604736,0,1
B31,mixamorig_LeftUpLeg,0,-0.4186219871044159,0.6069779992103577,0.6755239963531494,0,0.008256999775767326,-0.7412629723548889,0.6711639761924744,0,0.9081230163574219,0.28654199838638306,0.30529698729515076,0,1.022987961769104,-0.6898429989814758,-0.1812169998884201,1
B32,mixamorig_LeftLeg,31,0.9574909806251526,0.05624299868941307,-0.2829259932041168,0,-0.13224400579929352,-0.786080002784729,-0.6038119792938232,0,-0.25636300444602966,0.6155610084533691,-0.7452269792556763,0,0,5.231299877166748,0,1
B33,mixamorig_LeftFoot,32,0.9065769910812378,0.23999400436878204,0.3471609950065613,0,-0.3785420060157776,0.09867800027132034,0.9203090071678162,0,0.18661099672317505,-0.9657459855079651,0.18030700087547302,0,0,4.76700496673584,0,1
B34,mixamorig_LeftToeBase,33,0.9783380031585693,-0.04947099834680557,0.2010129988193512,0,-0.1286260038614273,0.6155629754066467,0.7775200009346008,0,-0.16220100224018097,-0.786532998085022,0.5958660244941711,0,0,1.9788390398025513,0,1
B35,mixamorig_LeftToe_End,34,1,0,0,0,0,1,0,0,0,0,1,0,0,0.7514830231666565,0,1
B36,mixamorig_RightUpLeg,0,-0.8905799984931946,-0.37445199489593506,-0.25817400217056274,0,0.1587979942560196,-0.7878980040550232,0.5949789881706238,0,-0.42620599269866943,0.48887899518013,0.7611479759216309,0,-1.022987961769104,-0.6898429989814758,-0.09872400015592575,1
B37,mixamorig_RightLeg,36,0.9885590076446533,-0.08204799890518188,-0.12656299769878387,0,-0.12502600252628326,0.023638000711798668,-0.9918720126152039,0,0.08437299728393555,0.9963480234146118,0.01310999970883131,0,0,5.234388828277588,0,1
B38,mixamorig_RightFoot,37,0.9239180088043213,-0.1968660056591034,-0.3280540108680725,0,0.3670569956302643,0.6979600191116333,0.6149160265922546,0,0.10791300237178802,-0.6885460019111633,0.7171180248260498,0,0,4.769873142242432,0,1
B39,mixamorig_RightToeBase,38,0.9739109873771667,0.10012099891901016,-0.20364800095558167,0,0.1529950052499771,0.3730809986591339,0.9150969982147217,0,0.1675969958305359,-0.9223809838294983,0.3480300009250641,0,0,1.9828089475631714,0,1
B40,mixamorig_RightToe_End,39,1,0,0,0,0,1,0,0,0,0,1,0,0,0.7492420077323914,0,1
@34,0,1,2,3,4,5,7,8,9,10,11,12,13,15,16,17,19,20,21,22,23,24,25,27,28,29,31,32,33,34,36,37,38,39
K0.000,0.8163946866989136,0.47767409682273865,-0.3245425522327423,0,-0.5415447950363159,0.438057005405426,-0.7175201177597046,0,-0.20057258009910583,0.7615336775779724,0.6163091063499451,0,-0.14817500114440918,3.8631410598754883,0.039799999445676804,1,0.9300610423088074,-0.2774166166782379,0.2408849149942398,0,-0.029246589168906212,0.5976579189300537,0.8012180924415588,0,-0.3662380278110504,-0.7522269487380981,0.5477449893951416,0,0,1.2427419424057007,-0.1856590062379837,1,0.9938730001449585,-0.042454127222299576,0.10204869508743286,0,0.025881873443722725,0.9870119690895081,0.15854626893997192,0,-0.10745430737733841,-0.15493375062942505,0.9820640683174133,0,0,1.4659559726715088,0,1,0.9937750697135925,-0.030918855220079422,0.10703074187040329,0,0.013573145493865013,0.9871620535850525,0.15914367139339447,0,-0.11057724803686142,-0.15670031309127808,0.9814369082450867,0,0,1.6753770112991333,0,1,0.999023973941803,-0.023355022072792053,-0.03749025985598564,0,0.029370978474617004,0.9851910471916199,0.16892790794372559,0,0.0329897403717041,-0.16986410319805145,0.984915018081665,0,0,1.8847999572753906,0,1,0.9805909395217896,-0.1770501732826233,-0.08422304689884186,0,0.17049381136894226,0.9821390509605408,-0.07958861440420151,0,0.09680995345115662,0.0636843889951706,0.9932630062103271,0,0,0.855912983417511,0.3470599949359894,1,0.77231764793396,0.08371265232563019,-0.6296963095664978,0,0.6228315234184265,-0.29473623633384705,0.7247154712677002,0,-0.12492641806602478,-0.9519050121307373,-0.27976879477500916,0,0.652642011642456,1.576030969619751,-0.03514900058507919,1,0.9186959862709045,-0.37781184911727905,0.11513534933328629,0,0.38792911171913147,0.917919933795929,-0.08327515423297882,0,-0.07422265410423279,0.1211688444018364,0.9898530840873718,0,0,1.451390027999878,0,1,-0.5308877825737,0.8367272019386292,-0.1343316286802292,0,-0.8397507667541504,-0.5407261848449707,-0.049332257360219955,0,-0.11391434818506241,0.08661525696516037,0.9897079467773438,0,0,3.2703590393066406,0,1,0.8405139446258545,0.3799821436405182,-0.38619887828826904,0,-0.29367679357528687,0.9185500741004944,0.2646128535270691,0,0.45529109239578247,-0.10899312794208527,0.8836458921432495,0,0,2.8214590549468994,0,1,0.8605780601501465,0.5084618330001831,0.02954498678445816,0,-0.4944171905517578,0.8479210734367371,-0.19126562774181366,0,-0.12230301648378372,0.14999137818813324,0.9810939431190491,0,-0.3050509989261627,0.43549299240112305,0,1,0.9995949864387512,-0.027443844825029373,0.007476055528968573,0,0.025754151865839958,0.9848169684410095,0.17167402803897858,0,-0.012073944322764874,-0.17141196131706238,0.9851250052452087,0,-0.06800000369548798,0.4198940098285675,0,1,0.9999529123306274,0.004039701074361801,-0.008821917697787285,0,-0.005734299309551716,0.9794809818267822,-0.20145495235919952,0,0.00782708264887333,0.20149604976177216,0.9794579744338989,0,-0.004792999941855669,0.4857949912548065,0,1,0.9928510189056396,0.11280906200408936,-0.03900887817144394,0,-0.10996993631124496,0.9915680289268494,0.06855093687772751,0,0.0464131236076355,-0.0637710690498352,0.9968850612640381,0,0,0.9967560172080994,0,1,0.9998549222946167,0.012607982382178307,0.011483843438327312,0,-0.014482017606496811,0.9833170175552368,0.18132200837135315,0,-0.009006154723465443,-0.18146200478076935,0.9833569526672363,0,0.060189999639987946,0.5512700080871582,0,1,0.987293004989624,0.15889711678028107,0.0021681981161236763,0,-0.15663589537143707,0.9707610011100769,0.18190395832061768,0,0.026799196377396584,-0.17993201315402985,0.9833139181137085,0,-0.026318000629544258,0.4993000030517578,0,1,0.20537833869457245,-0.0042265960946679115,0.9786731004714966,0,-0.9399191737174988,-0.27950194478034973,0.1960386037826538,0,0.2727125585079193,-0.9601361155509949,-0.06137635558843613,0,-0.652642011642456,1.5792399644851685,-0.05662799999117851,1,0.9088948369026184,0.3625800609588623,-0.20602452754974365,0,0.09895305335521698,0.29241523146629333,0.9511579275131226,0,0.4051155745983124,-0.8848891258239746,0.22989623248577118,0,0,1.451390027999878,0,1,0.7733349800109863,-0.6333690285682678,0.028233056887984276,0,0.6339970827102661,0.7725169658660889,-0.03555521368980408,0,0.0007090565632097423,0.04539579153060913,0.9989690780639648,0,0,3.2765069007873535,0,1,0.4110170006752014,0.6422101259231567,0.6470168828964233,0,-0.012843780219554901,0.7137472033500671,-0.7002857327461243,0,-0.9115370512008667,0.2795191705226898,0.3016106188297272,0,0,2.8292040824890137,0,1,0.8375700116157532,-0.5435210466384888,-0.05533595010638237,0,0.45983588695526123,0.756033182144165,-0.46579480171203613,0,0.2950049936771393,0.3646901547908783,0.8831608891487122,0,0.32116401195526123,0.5079699754714966,0,1,0.9995450377464294,0.02981419861316681,-0.00462022190913558,0,-0.028294803574681282,0.979508101940155,0.1994098424911499,0,0.010470778681337833,-0.19918817281723022,0.9799049496650696,0,0.08328499644994736,0.4735170006752014,0,1,0.9298411011695862,-0.2996167540550232,0.21360090374946594,0,0.3628142476081848,0.8432977795600891,-0.39650341868400574,0,-0.061330098658800125,0.44618260860443115,0.8928381204605103,0,-0.002070999937132001,0.4775800108909607,0,1,0.8915090560913086,0.4096108675003052,0.19346697628498077,0,-0.1541351079940796,0.6758790016174316,-0.7207148671150208,0,-0.4259730577468872,0.6127039790153503,0.6656879186630249,0,0,1.0201549530029297,0,1,0.974032998085022,0.22635780274868011,-0.004727074410766363,0,-0.22635719180107117,0.9740439653396606,0.0006474093534052372,0,0.004750926047563553,0.0004394093411974609,0.9999889731407166,0,-0.07540299743413925,0.5894140005111694,0,1,0.9985129237174988,-0.05406734347343445,-0.006978363264352083,0,0.05407065153121948,0.998537003993988,0.00028705093427561224,0,0.006952636409550905,-0.000663949002046138,0.9999759793281555,0,0.0557279996573925,0.5480239987373352,0,1,-0.41862189769744873,0.6069782972335815,0.6755238771438599,0,0.008257354609668255,-0.7412630915641785,0.6711639761924744,0,0.9081231355667114,0.28654199838638306,0.3052968978881836,0,1.022987961769104,-0.6898429989814758,-0.1812169998884201,1,0.9574909806251526,0.05624314397573471,-0.2829259932041168,0,-0.13224415481090546,-0.7860797643661499,-0.6038122177124023,0,-0.2563629448413849,0.6155606508255005,-0.7452272176742554,0,0,5.231299877166748,0,1,0.9065769910812378,0.23999375104904175,0.3471612334251404,0,-0.3785421848297119,0.09867789596319199,0.9203088879585266,0,0.18661123514175415,-0.9657459855079651,0.18030686676502228,0,0,4.76700496673584,0,1,0.9783379435539246,-0.049470704048871994,0.20101319253444672,0,-0.12862572073936462,0.615563154220581,0.777519941329956,0,-0.16220085322856903,-0.7865331768989563,0.5958658456802368,0,0,1.9788390398025513,0,1,-0.8905799984931946,-0.3744523227214813,-0.25817403197288513,0,0.1587977111339569,-0.7878980040550232,0.5949791073799133,0,-0.42620596289634705,0.48887887597084045,0.7611480355262756,0,-1.022987961769104,-0.6898429989814758,-0.09872400015592575,1,0.9885589480400085,-0.08204767107963562,-0.1265634149312973,0,-0.125025674700737,0.023638304322957993,-0.9918720126152039,0,0.08437256515026093,0.9963480234146118,0.013109796680510044,0,0,5.234388828277588,0,1,0.9239179491996765,-0.19686603546142578,-0.32805436849594116,0,0.3670569658279419,0.6979600191116333,0.6149160265922546,0,0.10791264474391937,-0.6885458827018738,0.7171181440353394,0,0,4.769873142242432,0,1,0.9739111065864563,0.10012120008468628,-0.20364728569984436,0,0.15299521386623383,0.3730808198451996,0.9150969982147217,0,0.16759763658046722,-0.9223809242248535,0.348029762506485,0,0,1.9828089475631714,0,1
K0.033,0.7147420048713684,0.6369110941886902,-0.2889431416988373,0,-0.645470142364502,0.4416467249393463,-0.6231500506401062,0,-0.26928040385246277,0.6318958401679993,0.7267707586288452,0,0.12328451126813889,4.130970478057861,-0.21773017942905426,1,0.9357081055641174,-0.280553936958313,0.21386763453483582,0,0.023303484544157982,0.6540770530700684,0.7560688853263855,0,-0.3520039916038513,-0.702475905418396,0.6185631155967712,0,0,1.2427419424057007,-0.1856590062379837,1,0.9951130747795105,-0.044641803950071335,0.08807724714279175,0,0.031413234770298004,0.9887509346008301,0.1462341547012329,0,-0.0936146005988121,-0.14275269210338593,0.985321044921875,0,0,1.4659559726715088,0,1,0.9951850175857544,-0.03533017262816429,0.0914275273680687,0,0.021579885855317116,0.9888669848442078,0.147229865193367,0,-0.09561130404472351,-0.1445479393005371,0.9848679304122925,0,0,1.6753770112991333,0,1,0.9985499978065491,-0.04185992106795311,-0.03385477513074875,0,0.04708532243967056,0.9839380383491516,0.17219077050685883,0,0.026103101670742035,-0.17353509366512299,0.984481930732727,0,0,1.8847999572753906,0,1,0.9768199324607849,-0.21406245231628418,0.00077395373955369,0,0.21263130009174347,0.9698589444160461,-0.11900769919157028,0,0.024724429473280907,0.11641354113817215,0.9928929209709167,0,0,0.855912983417511,0.3470599949359894,1,0.718495786190033,0.04165816679596901,-0.6942833662033081,0,0.6627888083457947,-0.3436737060546875,0.6652819514274597,0,-0.21089239418506622,-0.9381651282310486,-0.2745385766029358,0,0.652642011642456,1.576030969619751,-0.03514900058507919,1,0.9853051900863647,-0.17014090716838837,0.014992059208452702,0,0.16990330815315247,0.9673644304275513,-0.18798969686031342,0,0.017481952905654907,0.18777446448802948,0.9820569753646851,0,0,1.451390027999878,0,1,-0.5658367872238159,0.8130881786346436,-0.13680987060070038,0,-0.816159188747406,-0.5759026408195496,-0.04712152108550072,0,-0.11710308492183685,0.08499551564455032,0.9894760847091675,0,0,3.2703590393066406,0,1,0.8473079800605774,0.3183494508266449,-0.4251154065132141,0,-0.20212788879871368,0.9334969520568848,0.2961871325969696,0,0.4911350905895233,-0.16503407061100006,0.8553069233894348,0,0,2.8214590549468994,0,1,0.8606520295143127,0.5083380341529846,0.029493285343050957,0,-0.494365930557251,0.8480640649795532,-0.19076187908649445,0,-0.12198370695114136,0.1495991200208664,0.9811930060386658,0,-0.3050509989261627,0.43549299240112305,0,1,0.9995700120925903,-0.028328895568847656,0.007611936889588833,0,0.02659512124955654,0.9846879839897156,0.17228685319423676,0,-0.01237606629729271,-0.172010138630867,0.985016942024231,0,-0.06800000369548798,0.4198940098285675,0,1,0.9999449849128723,0.0047736139968037605,-0.009388778358697891,0,-0.006576402112841606,0.979254961013794,-0.20252427458763123,0,0.008227230980992317,0.20257478952407837,0.9792320728302002,0,-0.004792999941855669,0.4857949912548065,0,1,0.9927579760551453,0.11368006467819214,-0.03884800896048546,0,-0.11080596596002579,0.9914090037345886,0.06949998438358307,0,0.046414993703365326,-0.06469202041625977,0.9968249797821045,0,0,0.9967560172080994,0,1,0.9999510049819946,-0.00011643370817182586,0.009945064783096313,0,-0.0015581488842144608,0.9857500195503235,0.1682087779045105,0,-0.009822928346693516,-0.16821593046188354,0.9857010245323181,0,0.060189999639987946,0.5512700080871582,0,1,0.9892519116401672,0.1462189257144928,0.0008106499444693327,0,-0.1442597657442093,0.9750621318817139,0.1686517745256424,0,0.023869631811976433,-0.16695593297481537,0.985675036907196,0,-0.026318000629544258,0.4993000030517578,0,1,0.1901555359363556,0.016478339210152626,0.981616199016571,0,-0.9395260214805603,-0.2870352864265442,0.18682041764259338,0,0.28483670949935913,-0.9577780961990356,-0.03909950703382492,0,-0.652642011642456,1.5792399644851685,-0.05662799999117851,1,0.9177040457725525,0.3693268895149231,-0.14634594321250916,0,0.01397976279258728,0.3381326496601105,0.9409947395324707,0,0.39701876044273376,-0.8655999302864075,0.3051424026489258,0,0,1.451390027999878,0,1,0.6439582109451294,-0.7641487121582031,0.03734804689884186,0,0.7650178074836731,0.6426361799240112,-0.042034029960632324,0,0.008119039237499237,0.055640071630477905,0.9984179735183716,0,0,3.2765069007873535,0,1,0.39078643918037415,0.6951055526733398,0.6034190654754639,0,-0.0830073356628418,0.6794881820678711,-0.7289756536483765,0,-0.9167308807373047,0.23478548228740692,0.32323354482650757,0,0,2.8292040824890137,0,1,0.8375800848007202,-0.5435178279876709,-0.05520801246166229,0,0.45990821719169617,0.7560396790504456,-0.46571338176727295,0,0.2948629558086395,0.3646816313266754,0.883212149143219,0,0.32116401195526123,0.5079699754714966,0,1,0.9995450377464294,0.02981419861316681,-0.00462022190913558,0,-0.028294803574681282,0.979508101940155,0.1994098424911499,0,0.010470778681337833,-0.19918817281723022,0.9799049496650696,0,0.08328499644994736,0.4735170006752014,0,1,0.9299280047416687,-0.29944202303886414,0.21346703171730042,0,0.36258697509765625,0.8434529900550842,-0.39638200402259827,0,-0.06135595217347145,0.4460069537162781,0.8929240107536316,0,-0.002070999937132001,0.4775800108909607,0,1,0.8927600383758545,0.4076448380947113,0.19184505939483643,0,-0.15360808372497559,0.6757150888442993,-0.7209809422492981,0,-0.4235368072986603,0.6141939759254456,0.6658690571784973,0,0,1.0201549530029297,0,1,0.974032998085022,0.22635780274868011,-0.004727074410766363,0,-0.22635719180107117,0.9740439653396606,0.0006474093534052372,0,0.004750926047563553,0.0004394093411974609,0.9999889731407166,0,-0.07540299743413925,0.5894140005111694,0,1,0.9985129237174988,-0.05406734347343445,-0.006978363264352083,0,0.05407065153121948,0.998537003993988,0.00028705093427561224,0,0.006952636409550905,-0.000663949002046138,0.9999759793281555,0,0.0557279996573925,0.5480239987373352,0,1,-0.2623865306377411,0.7270565032958984,0.6344616413116455,0,-0.036688994616270065,-0.6645396947860718,0.7463512420654297,0,0.9642651081085205,0.1725548803806305,0.20104140043258667,0,1.022987961769104,-0.6898429989814758,-0.1812169998884201,1,0.9622170925140381,0.07492520660161972,-0.2617723047733307,0,-0.13508476316928864,-0.703376054763794,-0.6978640556335449,0,-0.23641206324100494,0.7068584561347961,-0.6666795015335083,0,0,5.231299877166748,0,1,0.9067885279655457,0.2378256767988205,0.3481007516384125,0,-0.3954310417175293,0.193498432636261,0.8978820443153381,0,0.14618244767189026,-0.9518389105796814,0.2695057690143585,0,0,4.76700496673584,0,1,0.9776900410652161,-0.05714276805520058,0.2021288275718689,0,-0.13215984404087067,0.5806002616882324,0.8033908009529114,0,-0.16326408088207245,-0.812180757522583,0.5600953102111816,0,0,1.9788390398025513,0,1,-0.9210773706436157,-0.3170340955257416,-0.22606487572193146,0,0.15684260427951813,-0.8334755897521973,0.5298302173614502,0,-0.3563936948776245,0.45255789160728455,0.8174196481704712,0,-1.022987961769104,-0.6898429989814758,-0.09872400015592575,1,0.9869699478149414,-0.11481333523988724,-0.11272889375686646,0,-0.11118912696838379,0.01974891871213913,-0.993602991104126,0,0.11630520969629288,0.9931910037994385,0.006725598126649857,0,0,5.234388828277588,0,1,0.859158456325531,-0.4379241168498993,-0.26470673084259033,0,0.44789206981658936,0.3934035301208496,0.8028861880302429,0,-0.24746662378311157,-0.8083664178848267,0.5341386198997498,0,0,4.769873142242432,0,1,0.9761390089988708,0.07191450148820877,-0.20489217340946198,0,0.13968366384506226,0.5144773125648499,0.8460502028465271,0,0.16625577211380005,-0.8544831871986389,0.492156445980072,0,0,1.9828089475631714,0,1
K0.067,0.6064570546150208,0.7476319074630737,-0.27065932750701904,0,-0.7456899881362915,0.4166472852230072,-0.5199531316757202,0,-0.27596408128738403,0.5171571373939514,0.8101802468299866,0,0.2735314965248108,4.473151683807373,-0.6329599022865295,1,0.9388210773468018,-0.2895056903362274,0.18655218183994293,0,0.05683087930083275,0.6644605994224548,0.7451592683792114,0,-0.33968421816825867,-0.6889688372612,0.6402620077133179,0,0,1.2427419424057007,-0.1856590062379837,1,0.9957469701766968,-0.04551870748400688,0.0800984799861908,0,0.034145254641771317,0.9898390173912048,0.13803204894065857,0,-0.08556768298149109,-0.13471008837223053,0.9871840476989746,0,0,1.4659559726715088,0,1,0.9958379864692688,-0.03740294277667999,0.08311117440462112,0,0.025570997968316078,0.9899460077285767,0.1391187161207199,0,-0.08747899532318115,-0.13641442358493805,0.986781895160675,0,0,1.6753770112991333,0,1,0.998115062713623,-0.05417707934975624,-0.028842924162745476,0,0.05820869654417038,0.9845870733261108,0.16492511332035065,0,0.01946319453418255,-0.16629302501678467,0.9858839511871338,0,0,1.8847999572753906,0,1,0.9663410782814026,-0.2424318939447403,0.08608611673116684,0,0.25402238965034485,0.952107310295105,-0.17019127309322357,0,-0.040703412145376205,0.18633055686950684,0.9816430807113647,0,0,0.855912983417511,0.3470599949359894,1,0.6797818541526794,0.018154475837945938,-0.7331892251968384,0,0.6817893981933594,-0.3840743899345398,0.6226161122322083,0,-0.27029579877853394,-0.923123300075531,-0.2734642028808594,0,0.652642011642456,1.576030969619751,-0.03514900058507919,1,0.9985130429267883,-0.033602431416511536,-0.04293430596590042,0,0.0246143601834774,0.9805058836936951,-0.1949402540922165,0,0.048647813498973846,0.1935936063528061,0.9798750877380371,0,0,1.451390027999878,0,1,-0.5421992540359497,0.8293118476867676,-0.13513624668121338,0,-0.8323509097099304,-0.5521112084388733,-0.048634953796863556,0,-0.11494380980730057,0.08611095696687698,0.9896330237388611,0,0,3.2703590393066406,0,1,0.8428590297698975,0.2918493151664734,-0.45211970806121826,0,-0.16393233835697174,0.9394800066947937,0.3008378744125366,0,0.5125569105148315,-0.17944695055484772,0.8396930694580078,0,0,2.8214590549468994,0,1,0.8607189655303955,0.50822913646698,0.029435591772198677,0,-0.49433088302612305,0.8482000231742859,-0.19024525582790375,0,-0.1216554120182991,0.14919675886631012,0.9812949895858765,0,-0.3050509989261627,0.43549299240112305,0,1,0.9995430111885071,-0.029205843806266785,0.0077460394240915775,0,0.02742813713848591,0.9845579266548157,0.17289415001869202,0,-0.012675956822931767,-0.1726028472185135,0.9849100708961487,0,-0.06800000369548798,0.4198940098285675,0,1,0.99993497133255,0.005513016600161791,-0.009961184114217758,0,-0.007425968069583178,0.9790259599685669,-0.20360013842582703,0,0.008629805408418179,0.20366083085536957,0.9790030121803284,0,-0.004792999941855669,0.4857949912548065,0,1,0.9926589727401733,0.11459428817033768,-0.038678236305713654,0,-0.11168369650840759,0.9912400245666504,0.07049509882926941,0,0.04641776904463768,-0.06565789133310318,0.9967619776725769,0,0,0.9967560172080994,0,1,0.9998639225959778,-0.014188062399625778,0.008442825637757778,0,0.01272265613079071,0.9880398511886597,0.15367437899112701,0,-0.010522181168198586,-0.15354591608047485,0.9880850315093994,0,0.060189999639987946,0.5512700080871582,0,1,0.991227924823761,0.13216428458690643,-0.0004888089606538415,0,-0.13051395118236542,0.979420006275177,0.15395578742027283,0,0.02082620933651924,-0.15254151821136475,0.9880779981613159,0,-0.026318000629544258,0.4993000030517578,0,1,0.1703040599822998,0.04010103642940521,0.9845749139785767,0,-0.9405180811882019,-0.29147258400917053,0.17455486953258514,0,0.2939765453338623,-0.9557380676269531,-0.011923168785870075,0,-0.652642011642456,1.5792399644851685,-0.05662799999117851,1,0.9250819087028503,0.35436832904815674,-0.13655108213424683,0,-0.013884549960494041,0.3908845782279968,0.9203352928161621,0,0.3795131742954254,-0.8494892120361328,0.36652037501335144,0,0,1.451390027999878,0,1,0.5632990002632141,-0.8251433372497559,0.0428142324090004,0,0.8261515498161316,0.5616605877876282,-0.04484228417277336,0,0.012954238802194595,0.06063064560294151,0.9980760216712952,0,0,3.2765069007873535,0,1,0.4224426746368408,0.7247607707977295,0.5443024039268494,0,-0.141096293926239,0.6457791924476624,-0.7503739595413208,0,-0.8953402638435364,0.240190789103508,0.37506556510925293,0,0,2.8292040824890137,0,1,0.8376870155334473,-0.5434069633483887,-0.05468331649899483,0,0.46006903052330017,0.7560628056526184,-0.4655162990093231,0,0.29430869221687317,0.3647986948490143,0.8833482265472412,0,0.32116401195526123,0.5079699754714966,0,1,0.9995450377464294,0.029814250767230988,-0.004620714113116264,0,-0.028294751420617104,0.9795079827308655,0.1994103342294693,0,0.010471288114786148,-0.199188694357872,0.9799050688743591,0,0.08328499644994736,0.4735170006752014,0,1,0.930159866809845,-0.29897600412368774,0.21311233937740326,0,0.36198097467422485,0.8438640236854553,-0.39605912566185,0,-0.06142566353082657,0.4455409348011017,0.893152117729187,0,-0.002070999937132001,0.4775800108909607,0,1,0.8960227370262146,0.4024864733219147,0.1874784678220749,0,-0.152333602309227,0.6752780675888062,-0.7216609120368958,0,-0.4170586168766022,0.6180649399757385,0.6663762927055359,0,0,1.0201549530029297,0,1,0.9740328788757324,0.22635725140571594,-0.0047270734794437885,0,-0.22635671496391296,0.9740440845489502,0.000647408131044358,0,0.004750926047563553,0.0004394081770442426,0.9999889731407166,0,-0.07540299743413925,0.5894140005111694,0,1,0.9985129237174988,-0.054066844284534454,-0.006978362333029509,0,0.05407015234231949,0.998537003993988,0.0002870527096092701,0,0.006952635943889618,-0.0006639472558163106,0.9999759793281555,0,0.0557279996573925,0.5480239987373352,0,1,-0.20938391983509064,0.7751203179359436,0.5961094498634338,0,-0.036948200315237045,-0.6154593229293823,0.7873027324676514,0,0.9771348834037781,0.14282329380512238,0.15750649571418762,0,1.022987961769104,-0.6898429989814758,-0.1812169998884201,1,0.9699909687042236,0.09720258414745331,-0.2228662669658661,0,-0.1150679960846901,-0.6239466667175293,-0.7729485034942627,0,-0.2141893208026886,0.7753981947898865,-0.5940379500389099,0,0,5.231299877166748,0,1,0.9523656964302063,0.1993245631456375,0.23080198466777802,0,-0.28580808639526367,0.3194158971309662,0.9034860134124756,0,0.1063651591539383,-0.9264142513275146,0.36116933822631836,0,0,4.76700496673584,0,1,0.979075014591217,-0.046705346554517746,0.19806590676307678,0,-0.12961524724960327,0.6072117686271667,0.7838961482048035,0,-0.1568802297115326,-0.7931661605834961,0.5884526371955872,0,0,1.9788390398025513,0,1,-0.9587294459342957,-0.22080112993717194,-0.1791207641363144,0,0.1167372465133667,-0.8801464438438416,0.4601247310638428,0,-0.2592487037181854,0.4202253222465515,0.8695986270904541,0,-1.022987961769104,-0.6898429989814758,-0.09872400015592575,1,0.9869369864463806,-0.12100693583488464,-0.10636118799448013,0,-0.09523114562034607,0.0943271592259407,-0.9909759759902954,0,0.12994776666164398,0.9881601333618164,0.08157136291265488,0,0,5.234388828277588,0,1,0.7893840670585632,-0.5454196929931641,-0.28176143765449524,0,0.4320967495441437,0.16760887205600739,0.886115312576294,0,-0.4360789358615875,-0.8212332725524902,0.36798176169395447,0,0,4.769873142242432,0,1,0.9786329865455627,0.04212548956274986,-0.20125289261341095,0,0.12598532438278198,0.6506814360618591,0.748827338218689,0,0.1624961942434311,-0.7581818699836731,0.6314709186553955,0,0,1.9828089475631714,0,1
K0.100,0.5429581999778748,0.8030068278312683,-0.2457178235054016,0,-0.8039140105247498,0.41245487332344055,-0.42848995327949524,0,-0.24273283779621124,0.43018805980682373,0.8694940805435181,0,0.30363601446151733,4.866184234619141,-1.0934350490570068,1,0.9430398941040039,-0.2753663659095764,0.18667970597743988,0,0.04950861260294914,0.671053946018219,0.7397541999816895,0,-0.32897529006004333,-0.6883748173713684,0.6464630365371704,0,0,1.2427419424057007,-0.1856590062379837,1,0.9959890246391296,-0.04212905839085579,0.07893835753202438,0,0.031558942049741745,0.9909240007400513,0.13066312670707703,0,-0.08372663706541061,-0.12764784693717957,0.9882789850234985,0,0,1.4659559726715088,0,1,0.9960229992866516,-0.03447222709655762,0.08216196298599243,0,0.02344377711415291,0.9910260438919067,0.1315978467464447,0,-0.08596102893352509,-0.12914817035198212,0.9878919124603271,0,0,1.6753770112991333,0,1,0.9976249933242798,-0.06376910954713821,-0.026031384244561195,0,0.06701289117336273,0.9859729409217834,0.15285825729370117,0,0.015918614342808723,-0.1542397290468216,0.9879050850868225,0,0,1.8847999572753906,0,1,0.9493319392204285,-0.27794888615608215,0.14667224884033203,0,0.30595117807388306,0.9240639209747314,-0.22912786900997162,0,-0.07184875756502151,0.26239314675331116,0.9622830152511597,0,0,0.855912983417511,0.3470599949359894,1,0.6480399370193481,0.0024580226745456457,-0.7616029977798462,0,0.6916109919548035,-0.42066019773483276,0.5871269106864929,0,-0.31893301010131836,-0.9072151184082031,-0.27430474758148193,0,0.652642011642456,1.576030969619751,-0.03514900058507919,1,0.9930950403213501,0.07454105466604233,-0.09058763086795807,0,-0.08866895735263824,0.9825390577316284,-0.16356757283210754,0,0.07681336998939514,0.1704704314470291,0.9823638796806335,0,0,1.451390027999878,0,1,-0.4955972135066986,0.858493983745575,-0.13180634379386902,0,-0.8614671230316162,-0.5052049160003662,-0.051398735493421555,0,-0.11071468144655228,0.0880737379193306,0.9899420738220215,0,0,3.2703590393066406,0,1,0.833590030670166,0.2825898826122284,-0.47462591528892517,0,-0.15029911696910858,0.94284987449646,0.29739630222320557,0,0.5315420627593994,-0.17657071352005005,0.8284230828285217,0,0,2.8214590549468994,0,1,0.8608479499816895,0.5080110430717468,0.029411248862743378,0,-0.494177907705307,0.8483940362930298,-0.1897759884595871,0,-0.12136074900627136,0.1488340049982071,0.9813870191574097,0,-0.3050509989261627,0.43549299240112305,0,1,0.9995139241218567,-0.03015986457467079,0.007890773005783558,0,0.028334133327007294,0.9844160079956055,0.17355598509311676,0,-0.013002227060496807,-0.1732480227947235,0.9847919940948486,0,-0.06800000369548798,0.4198940098285675,0,1,0.9999250173568726,0.006255051586776972,-0.010537886060774326,0,-0.008279948495328426,0.9787930250167847,-0.20468299090862274,0,0.00903411116451025,0.2047549933195114,0.9787719249725342,0,-0.004792999941855669,0.4857949912548065,0,1,0.9925470352172852,0.11562992632389069,-0.038484908640384674,0,-0.11267808079719543,0.9910470247268677,0.07162313163280487,0,0.04642209783196449,-0.06675287336111069,0.9966890215873718,0,0,0.9967560172080994,0,1,0.9995449781417847,-0.02930804342031479,0.007062174845486879,0,0.02805396355688572,0.9900320172309875,0.13801786303520203,0,-0.011036827228963375,-0.13775712251663208,0.9904050230979919,0,0.060189999639987946,0.5512700080871582,0,1,0.9931150078773499,0.11712773144245148,-0.0016412329860031605,0,-0.11577827483415604,0.9836100339889526,0.13822883367538452,0,0.017804767936468124,-0.1370871514081955,0.9903989434242249,0,-0.026318000629544258,0.4993000030517578,0,1,0.15069882571697235,0.06290297955274582,0.9865760803222656,0,-0.9411200881004333,-0.29637420177459717,0.16265197098255157,0,0.30262696743011475,-0.9529980421066284,0.014535961672663689,0,-0.652642011642456,1.5792399644851685,-0.05662799999117851,1,0.9351580142974854,0.3082960546016693,-0.17445209622383118,0,0.01579907350242138,0.4556898772716522,0.8899980187416077,0,0.3538789451122284,-0.8350448608398438,0.4212712347507477,0,0,1.451390027999878,0,1,0.541193962097168,-0.8397300839424133,0.04429073631763458,0,0.8407760262489319,0.5394690036773682,-0.045485105365514755,0,0.014301737770438194,0.061854902654886246,0.9979830384254456,0,0,3.2765069007873535,0,1,0.44909176230430603,0.7428371906280518,0.4964970648288727,0,-0.17805594205856323,0.6189461946487427,-0.7649849653244019,0,-0.87556391954422,0.2551441192626953,0.4102301001548767,0,0,2.8292040824890137,0,1,0.8378791213035583,-0.543199896812439,-0.05379025638103485,0,0.46031805872917175,0.7561018466949463,-0.46520620584487915,0,0.2933707535266876,0.36502572894096375,0.8835662007331848,0,0.32116401195526123,0.5079699754714966,0,1,0.9995450377464294,0.02981419861316681,-0.00462022190913558,0,-0.028294803574681282,0.979508101940155,0.1994098424911499,0,0.010470778681337833,-0.19918817281723022,0.9799049496650696,0,0.08328499644994736,0.4735170006752014,0,1,0.9305039644241333,-0.2983681261539459,0.21245822310447693,0,0.3610949218273163,0.844511091709137,-0.39548975229263306,0,-0.06142178177833557,0.4447222352027893,0.8935598731040955,0,-0.002070999937132001,0.4775800108909607,0,1,0.9008881449699402,0.39470383524894714,0.18058083951473236,0,-0.15071716904640198,0.6746106147766113,-0.7226242423057556,0,-0.4070441722869873,0.6237867474555969,0.6672371029853821,0,0,1.0201549530029297,0,1,0.974032998085022,0.22635780274868011,-0.004727074410766363,0,-0.22635719180107117,0.9740439653396606,0.0006474093534052372,0,0.004750926047563553,0.0004394093411974609,0.9999889731407166,0,-0.07540299743413925,0.5894140005111694,0,1,0.9985129237174988,-0.05406734347343445,-0.006978363264352083,0,0.05407065153121948,0.998537003993988,0.00028705093427561224,0,0.006952636409550905,-0.000663949002046138,0.9999759793281555,0,0.0557279996573925,0.5480239987373352,0,1,-0.47276875376701355,0.6183220148086548,0.6278271079063416,0,0.08446402847766876,-0.677401065826416,0.7307489514350891,0,0.8771288990974426,0.3985040783882141,0.2680281698703766,0,1.022987961769104,-0.6898429989814758,-0.1812169998884201,1,0.9956290125846863,0.006869012955576181,-0.09314226359128952,0,-0.06599300354719162,-0.65395587682724,-0.7536491751670837,0,-0.0660877600312233,0.7565018534660339,-0.6506443023681641,0,0,5.231299877166748,0,1,0.9795039296150208,-0.19440309703350067,-0.05272809788584709,0,0.12250689417123795,0.36716437339782715,0.9220528602600098,0,-0.1598900854587555,-0.9096141457557678,0.38345474004745483,0,0,4.76700496673584,0,1,0.9845279455184937,-0.007800015155225992,0.17505604028701782,0,-0.11881201714277267,0.7045861482620239,0.6996018290519714,0,-0.1287989318370819,-0.7095761895179749,0.6927579045295715,0,0,1.9788390398025513,0,1,-0.9794161915779114,-0.14678405225276947,-0.13856084644794464,0,0.072193942964077,-0.8957661390304565,0.4386250674724579,0,-0.18850114941596985,0.419592946767807,0.8879240155220032,0,-1.022987961769104,-0.6898429989814758,-0.09872400015592575,1,0.9892049431800842,-0.10083363950252533,-0.10632989555597305,0,-0.08327164500951767,0.2102697193622589,-0.9740909934043884,0,0.12057910859584808,0.9724299311637878,0.19960328936576843,0,0,5.234388828277588,0,1,0.7492437958717346,-0.6033321022987366,-0.27317219972610474,0,0.413509726524353,0.10396110266447067,0.9045450091362,0,-0.5173421502113342,-0.790684700012207,0.32737618684768677,0,0,4.769873142242432,0,1,0.9804129600524902,0.021897926926612854,-0.19573017954826355,0,0.11690593510866165,0.7350831031799316,0.6678218245506287,0,0.15850183367729187,-0.6776231527328491,0.7181249260902405,0,0,1.9828089475631714,0,1
