1.267,30,39,41
B0,mixamorig_Hips,-1,0.9858840107917786,-0.10606300085783005,0.12955200672149658,0,0.10786599665880203,0.9941409826278687,-0.006965000182390213,0,-0.12805500626564026,0.020841000601649284,0.9915480017662048,0,-0.003860000055283308,10.048972129821777,0.16136999428272247,1
B1,mixamorig_Spine,0,0.999767005443573,0.02143399976193905,-0.002555999904870987,0,-0.021584000438451767,0.9909350275993347,-0.13259699940681458,0,-0.00030899999546818435,0.13262100517749786,0.9911670088768005,0,0,1.2427419424057007,-0.1856590062379837,1
B2,mixamorig_Spine1,1,0.999754011631012,0.0213639996945858,-0.0059819999150931835,0,-0.021176999434828758,0.9993320107460022,0.029781000688672066,0,0.00661400007084012,-0.02964700013399124,0.9995390176773071,0,0,1.4659559726715088,0,1
B3,mixamorig_Spine2,2,0.999754011631012,0.0213639996945858,-0.0059819999150931835,0,-0.021176999434828758,0.9993320107460022,0.029781000688672066,0,0.00661400007084012,-0.02964700013399124,0.9995390176773071,0,0,1.6753770112991333,0,1
B4,mixamorig_Neck,3,0.9958580136299133,0.09089799970388412,0.0019499999471008778,0,-0.08999399840831757,0.9824439883232117,0.16341400146484375,0,0.012938999570906162,-0.16291199624538422,0.9865559935569763,0,0,1.8847999572753906,0,1
B5,mixamorig_Head,4,0.9945409893989563,-0.05734400078654289,-0.08718100190162659,0,0.06907899677753448,0.9879950284957886,0.13818000257015228,0,0.07821100205183029,-0.14344899356365204,0.9865630269050598,0,0,0.855912983417511,0.3470599949359894,1
B6,mixamorig_HeadTop_End,5,1,0,0,0,0,1,0,0,0,0,1,0,0,2.8392999172210693,1.1512919664382935,1
B7,mixamorig_LeftShoulder,3,-0.04403899982571602,0.0016400000313296914,-0.9990280270576477,0,0.9769709706306458,-0.20891200006008148,-0.04340999945998192,0,-0.20878000557422638,-0.9779329895973206,0.0075980001129209995,0,0.652642011642456,1.576030969619751,-0.03514900058507919,1
B8,mixamorig_LeftArm,7,0.8025239706039429,0.450996994972229,-0.3905850052833557,0,-0.1476220041513443,0.7844099998474121,0.6024190187454224,0,0.5780680179595947,-0.4257969856262207,0.6960849761962891,0,0,1.451390027999878,0,1
B9,mixamorig_LeftForeArm,8,0.022105000913143158,0.9927800297737122,-0.11789300292730331,0,-0.9988489747047424,0.01691100001335144,-0.044874001294374466,0,-0.0425570011138916,0.11874999850988388,0.9920120239257812,0,0,3.2703590393066406,0,1
B10,mixamorig_LeftHand,9,0.5849360227584839,0.2711560130119324,0.7644109725952148,0,-0.18221400678157806,0.9623029828071594,-0.2019210010766983,0,-0.7903469800949097,-0.02117599919438362,0.6122940182685852,0,0,2.8214590549468994,0,1
B11,mixamorig_LeftHandThumb1,10,0.591795027256012,0.6143040060997009,0.5219290256500244,0,-0.49627500772476196,0.787883996963501,-0.3646230101585388,0,-0.6352090239524841,-0.04323799908161163,0.7711290121078491,0,-0.3050509989261627,0.43549299240112305,0,1
B12,mixamorig_LeftHandThumb2,11,0.9823799729347229,0.07251700013875961,0.17225000262260437,0,-0.08545400202274323,0.9939560294151306,0.06890899688005447,0,-0.16621200740337372,-0.08241499960422516,0.9826400279998779,0,-0.06800000369548798,0.4198940098285675,0,1
B13,mixamorig_LeftHandThumb3,12,0.9850000143051147,0.17243599891662598,0.0064409999176859856,0,-0.172433003783226,0.9850209951400757,-0.0010629999451339245,0,-0.006527999881654978,-0.00006399999983841553,0.9999790191650391,0,-0.004792999941855669,0.4857949912548065,0,1
B14,mixamorig_LeftHandThumb4,13,1,0,0,0,0,1,0,0,0,0,1,0,0.07279200106859207,0.44150298833847046,0,1
B15,mixamorig_LeftHandIndex1,10,0.8332920074462891,0.4739829897880554,0.2845430076122284,0,-0.5512480139732361,0.6734480261802673,0.4925369918346405,0,0.041829001158475876,-0.5672810077667236,0.8224610090255737,0,0,0.9967560172080994,0,1
B16,mixamorig_LeftHandIndex2,15,0.9232919812202454,0.3667890131473541,0.11400499939918518,0,-0.3768480122089386,0.8076490163803101,0.4535279870033264,0,0.0742729976773262,-0.46170198917388916,0.8839200139045715,0,0.060189999639987946,0.5512700080871582,0,1
B17,mixamorig_LeftHandIndex3,16,0.999888002872467,-0.014909000135958195,-0.0014489999739453197,0,0.014909000135958195,0.9998890161514282,-0.000097999996796716,0,0.001449999981559813,0.00007599999662488699,0.9999989867210388,0,-0.026318000629544258,0.4993000030517578,0,1
B18,mixamorig_LeftHandIndex4,17,1,0,0,0,0,1,0,0,0,0,1,0,-0.033872999250888824,0.5011600255966187,0,1
B19,mixamorig_RightShoulder,3,0.05245799943804741,0.0035170000046491623,0.9986169934272766,0,-0.9578620195388794,-0.2826089859008789,0.051311999559402466,0,0.2823989987373352,-0.9592289924621582,-0.011455999687314034,0,-0.652642011642456,1.5792399644851685,-0.05662799999117851,1
B20,mixamorig_RightArm,19,0.9818580150604248,0.16448000073432922,0.09435000270605087,0,-0.16376599669456482,0.4847480058670044,0.8591859936714172,0,0.0955829992890358,-0.8590490221977234,0.5028899908065796,0,0,1.451390027999878,0,1
B21,mixamorig_RightForeArm,20,-0.18487000465393066,-0.9761030077934265,0.11421599984169006,0,0.9819909930229187,-0.18807899951934814,-0.01789800077676773,0,0.038950998336076736,0.10885000228881836,0.9932950139045715,0,0,3.2765069007873535,0,1
B22,mixamorig_RightHand,21,0.9324520230293274,-0.36107900738716125,0.012420999817550182,0,0.35499998927116394,0.9220589995384216,0.15421399474143982,0,-0.0671359971165657,-0.13938699662685394,0.9879590272903442,0,0,2.8292040824890137,0,1
B23,mixamorig_RightHandThumb1,22,0.5110549926757812,-0.5850080251693726,-0.6297529935836792,0,0.6887530088424683,0.7170339822769165,-0.1071539968252182,0,0.514240026473999,-0.3789829909801483,0.7693700194358826,0,0.32116401195526123,0.5079699754714966,0,1
B24,mixamorig_RightHandThumb2,23,0.9597780108451843,0.21018199622631073,-0.18614499270915985,0,-0.23900599777698517,0.9595350027084351,-0.14889399707317352,0,0.1473180055618286,0.18739500641822815,0.9711750149726868,0,0.08328499644994736,0.4735170006752014,0,1
B25,mixamorig_RightHandThumb3,24,0.9805970191955566,-0.1960269957780838,0.0019249999895691872,0,0.1960269957780838,0.980597972869873,0.00039400000241585076,0,-0.0019650000613182783,-0.000009000000318337698,0.9999979734420776,0,-0.002070999937132001,0.4775800108909607,0,1
B26,mixamorig_RightHandThumb4,25,1,0,0,0,0,1,0,0,0,0,1,0,-0.08121500164270401,0.3971160054206848,0,1
B27,mixamorig_RightHandIndex1,22,0.7400829792022705,-0.6095640063285828,-0.2840940058231354,0,0.6701449751853943,0.632997989654541,0.3875809907913208,0,-0.05642399936914444,-0.47722598910331726,0.8769670128822327,0,0,1.0201549530029297,0,1
B28,mixamorig_RightHandIndex2,27,0.9826099872589111,-0.18126000463962555,-0.04027500003576279,0,0.18456800282001495,0.9297639727592468,0.3185499906539917,0,-0.02029399946331978,-0.3204439878463745,0.9470499753952026,0,-0.07540299743413925,0.5894140005111694,0,1
B29,mixamorig_RightHandIndex3,28,0.9985100030899048,-0.05411500111222267,-0.006976000033318996,0,0.05411799997091293,0.9985340237617493,0.00032900000223889947,0,0.006947999820113182,-0.0007060000207275152,0.9999759793281555,0,0.0557279996573925,0.5480239987373352,0,1
B30,mixamorig_RightHandIndex4,29,1,0,0,0,0,1,0,0,0,0,1,0,0.019675999879837036,0.41751301288604736,0,1
B31,mixamorig_LeftUpLeg,0,-0.9889940023422241,-0.09381599724292755,0.11441099643707275,0,0.14253200590610504,-0.8115829825401306,0.5665850043296814,0,0.039698999375104904,0.5766559839248657,0.8160219788551331,0,1.022987961769104,-0.6898429989814758,-0.1812169998884201,1
B32,mixamorig_LeftLeg,31,0.9966980218887329,-0.04385799914598465,0.06833499670028687,0,0.06121699884533882,-0.1470170021057129,-0.9872379899024963,0,0.05334499850869179,0.988161027431488,-0.1438470035791397,0,0,5.231299877166748,0,1
B33,mixamorig_LeftFoot,32,0.9797719717025757,0.057211000472307205,0.19176200032234192,0,-0.19991500675678253,0.3226320147514343,0.925171971321106,0,-0.008938999846577644,-0.9447939991950989,0.3275429904460907,0,0,4.76700496673584,0,1
B34,mixamorig_LeftToeBase,33,0.9829789996147156,0.0002770000137388706,0.18371500074863434,0,-0.10608600080013275,0.8172860145568848,0.5663830041885376,0,-0.1499910056591034,-0.5762320160865784,0.8034049868583679,0,0,1.9788390398025513,0,1
B35,mixamorig_LeftToe_End,34,1,0,0,0,0,1,0,0,0,0,1,0,0,0.7514830231666565,0,1
B36,mixamorig_RightUpLeg,0,-0.9929519891738892,-0.10760899633169174,0.049658000469207764,0,0.11849399656057358,-0.9091290235519409,0.39930298924446106,0,0.002177000045776367,0.40237298607826233,0.9154729843139648,0,-1.022987961769104,-0.6898429989814758,-0.09872400015592575,1
B37,mixamorig_RightLeg,36,0.9979349970817566,0.04874499887228012,-0.04183400049805641,0,-0.056164998561143875,0.3461099863052368,-0.9365109801292419,0,-0.031171999871730804,0.9369270205497742,0.34813299775123596,0,0,5.234388828277588,0,1
B38,mixamorig_RightFoot,37,0.9808710217475891,-0.1946520060300827,0.0015259999781847,0,-0.011227999813854694,-0.04874899983406067,0.9987480044364929,0,-0.1943340003490448,-0.9796599745750427,-0.050002001225948334,0,0,4.769873142242432,0,1
B39,mixamorig_RightToeBase,38,0.980400025844574,0.022582000121474266,-0.19572100043296814,0,0.1199759989976883,0.7195479869842529,0.6840000152587891,0,0.15627700090408325,-0.6940749883651733,0.7027350068092346,0,0,1.9828089475631714,0,1
B40,mixamorig_RightToe_End,39,1,0,0,0,0,1,0,0,0,0,1,0,0,0.7492420077323914,0,1
@34,0,1,2,3,4,5,7,8,9,10,11,12,13,15,16,17,19,20,21,22,23,24,25,27,28,29,31,32,33,34,36,37,38,39
K0.000,0.9858840703964233,-0.10606273263692856,0.12955240905284882,0,0.10786627233028412,0.9941409826278687,-0.006964993663132191,0,-0.12805460393428802,0.020841006189584732,0.9915480613708496,0,-0.003860000055283308,10.048972129821777,0.16136999428272247,1,0.999767005443573,0.02143416740000248,-0.0025561372749507427,0,-0.021583832800388336,0.9909350275993347,-0.13259685039520264,0,-0.0003091373073402792,0.132621169090271,0.9911670088768005,0,0,1.2427419424057007,-0.1856590062379837,1,0.999754011631012,0.021364102140069008,-0.005981874652206898,0,-0.0211768951267004,0.9993320107460022,0.029780996963381767,0,0.006614125799387693,-0.02964700572192669,0.9995390176773071,0,0,1.4659559726715088,0,1,0.999754011631012,0.021364102140069008,-0.005981874652206898,0,-0.0211768951267004,0.9993320107460022,0.029780996963381767,0,0.006614125799387693,-0.02964700572192669,0.9995390176773071,0,0,1.6753770112991333,0,1,0.9958579540252686,0.09089821577072144,0.0019496235763654113,0,-0.08999377489089966,0.9824441075325012,0.1634136289358139,0,0.012938623316586018,-0.16291236877441406,0.9865559339523315,0,0,1.8847999572753906,0,1,0.9945410490036011,-0.05734379217028618,-0.0871811956167221,0,0.0690792128443718,0.987994909286499,0.1381804347038269,0,0.07821081578731537,-0.1434485763311386,0.9865631461143494,0,0,0.855912983417511,0.3470599949359894,1,-0.04403913393616676,0.0016401942120864987,-0.9990279674530029,0,0.9769709706306458,-0.20891167223453522,-0.043409865349531174,0,-0.20877982676029205,-0.9779329895973206,0.007597941439598799,0,0.652642011642456,1.576030969619751,-0.03514900058507919,1,0.8025240898132324,0.4509967863559723,-0.3905850946903229,0,-0.1476222425699234,0.7844098806381226,0.6024191379547119,0,0.5780680179595947,-0.42579689621925354,0.6960850358009338,0,0,1.451390027999878,0,1,0.02210477739572525,0.9927800297737122,-0.11789298802614212,0,-0.9988489747047424,0.01691102422773838,-0.0448746457695961,0,-0.0425569973886013,0.11874935775995255,0.992012083530426,0,0,3.2703590393066406,0,1,0.5849360227584839,0.27115583419799805,0.7644109725952148,0,-0.1822141408920288,0.9623029828071594,-0.2019207626581192,0,-0.7903469204902649,-0.021175773814320564,0.61229407787323,0,0,2.8214590549468994,0,1,0.5917948484420776,0.6143041849136353,0.521929144859314,0,-0.4962748885154724,0.787883996963501,-0.36462318897247314,0,-0.6352089047431946,-0.043238185346126556,0.7711291313171387,0,-0.3050509989261627,0.43549299240112305,0,1,0.9823799729347229,0.07251697778701782,0.17225003242492676,0,-0.08545402437448502,0.9939559698104858,0.06890933215618134,0,-0.16621197760105133,-0.0824146643280983,0.9826400279998779,0,-0.06800000369548798,0.4198940098285675,0,1,0.9850000143051147,0.17243613302707672,0.006441108882427216,0,-0.17243286967277527,0.9850210547447205,-0.0010628004092723131,0,-0.006527890916913748,-0.00006380043487297371,0.9999790191650391,0,-0.004792999941855669,0.4857949912548065,0,1,0.8332921266555786,0.4739828407764435,0.28454309701919556,0,-0.5512481927871704,0.6734479069709778,0.4925369322299957,0,0.04182910546660423,-0.5672810077667236,0.8224610090255737,0,0,0.9967560172080994,0,1,0.9232920408248901,0.366788774728775,0.11400504410266876,0,-0.3768482804298401,0.8076488375663757,0.45352816581726074,0,0.07427304238080978,-0.4617018401622772,0.8839200735092163,0,0.060189999639987946,0.5512700080871582,0,1,0.9998880624771118,-0.014909063465893269,-0.0014488515444099903,0,0.014908935874700546,0.9998889565467834,-0.00009780590335140005,0,0.0014501484110951424,0.00007619409007020295,0.999998927116394,0,-0.026318000629544258,0.4993000030517578,0,1,0.05245744064450264,0.0035169748589396477,0.9986169934272766,0,-0.9578620195388794,-0.28260937333106995,0.0513119101524353,0,0.2823989689350128,-0.959229052066803,-0.01145622506737709,0,-0.652642011642456,1.5792399644851685,-0.05662799999117851,1,0.9818580746650696,0.16447974741458893,0.09434973448514938,0,-0.1637662649154663,0.4847482442855835,0.8591857552528381,0,0.09558273106813431,-0.8590491414070129,0.5028897523880005,0,0,1.451390027999878,0,1,-0.18486985564231873,-0.9761030077934265,0.11421629041433334,0,0.9819910526275635,-0.18807922303676605,-0.017897257581353188,0,0.03895128518342972,0.10885073989629745,0.993294894695282,0,0,3.2765069007873535,0,1,0.9324520826339722,-0.3610789179801941,0.012420905753970146,0,0.3550001382827759,0.9220589995384216,0.15421360731124878,0,-0.06713609397411346,-0.13938739895820618,0.9879589676856995,0,0,2.8292040824890137,0,1,0.5110549330711365,-0.5850082039833069,-0.6297528743743896,0,0.6887528896331787,0.7170341610908508,-0.10715370625257492,0,0.5142401456832886,-0.3789827525615692,0.7693700790405273,0,0.32116401195526123,0.5079699754714966,0,1,0.9597780108451843,0.21018192172050476,-0.1861451119184494,0,-0.23900610208511353,0.9595350027084351,-0.1488940417766571,0,0.14731787145137787,0.18739499151706696,0.9711750745773315,0,0.08328499644994736,0.4735170006752014,0,1,0.9805968999862671,-0.19602727890014648,0.001925057265907526,0,0.1960267275571823,0.9805980324745178,0.0003940037568099797,0,-0.0019649427849799395,-0.000008996245924208779,0.9999979734420776,0,-0.002070999937132001,0.4775800108909607,0,1,0.7400827407836914,-0.6095641255378723,-0.2840942442417145,0,0.6701447367668152,0.6329982876777649,0.387580931186676,0,-0.05642424151301384,-0.47722604870796204,0.8769669532775879,0,0,1.0201549530029297,0,1,0.9826099872589111,-0.1812598705291748,-0.04027504846453667,0,0.1845681518316269,0.929763913154602,0.31855008006095886,0,-0.020294049754738808,-0.32044392824172974,0.9470500349998474,0,-0.07540299743413925,0.5894140005111694,0,1,0.9985100030899048,-0.054114699363708496,-0.006976010277867317,0,0.05411829799413681,0.9985340237617493,0.00032897977507673204,0,0.006947988644242287,-0.0007060202187858522,0.9999759793281555,0,0.0557279996573925,0.5480239987373352,0,1,-0.9889941215515137,-0.09381618350744247,0.11441092193126678,0,0.1425318419933319,-0.8115831017494202,0.566585123538971,0,0.03969908505678177,0.5766560435295105,0.8160219788551331,0,1.022987961769104,-0.6898429989814758,-0.1812169998884201,1,0.9966980814933777,-0.04385810345411301,0.06833474338054657,0,0.06121689826250076,-0.14701716601848602,-0.9872380495071411,0,0.05334474891424179,0.9881610870361328,-0.1438468098640442,0,0,5.231299877166748,0,1,0.9797719120979309,0.05721093341708183,0.1917622983455658,0,-0.1999150961637497,0.32263192534446716,0.9251720905303955,0,-0.008938689716160297,-0.9447939395904541,0.32754307985305786,0,0,4.76700496673584,0,1,0.9829789996147156,0.00027743956889025867,0.18371519446372986,0,-0.10608556121587753,0.8172861933708191,0.5663828253746033,0,-0.14999081194400787,-0.5762321949005127,0.8034049272537231,0,0,1.9788390398025513,0,1,-0.9929521083831787,-0.10760889947414398,0.04965801164507866,0,0.11849410831928253,-0.9091291427612305,0.39930295944213867,0,0.0021769916638731956,0.4023730456829071,0.9154729247093201,0,-1.022987961769104,-0.6898429989814758,-0.09872400015592575,1,0.9979350566864014,0.04874526336789131,-0.04183350130915642,0,-0.056164730340242386,0.34610989689826965,-0.9365109801292419,0,-0.031171496957540512,0.9369270205497742,0.34813305735588074,0,0,5.234388828277588,0,1,0.9808709621429443,-0.19465205073356628,0.0015260784421116114,0,-0.01122803520411253,-0.048749037086963654,0.9987480044364929,0,-0.19433392584323883,-0.9796600341796875,-0.0500020757317543,0,0,4.769873142242432,0,1,0.980400025844574,0.022582007572054863,-0.19572122395038605,0,0.1199759989976883,0.7195479869842529,0.6839999556541443,0,0.15627679228782654,-0.6940749287605286,0.7027350068092346,0,0,1.9828089475631714,0,1
K0.033,0.9856560230255127,-0.07973159104585648,0.1487474888563156,0,0.08169795572757721,0.9966319799423218,-0.007146543823182583,0,-0.1476764976978302,0.019196374341845512,0.9888489246368408,0,0.015889335423707962,10.204680442810059,0.12907646596431732,1,0.9997329711914062,0.014665937051177025,-0.01783042587339878,0,-0.01692795380949974,0.9908139705657959,-0.13416491448879242,0,0.015699001029133797,0.13443109393119812,0.9907989501953125,0,0,1.2427419424057007,-0.1856590062379837,1,0.9992589354515076,0.016036195680499077,-0.034998565912246704,0,-0.015100731514394283,0.9995260238647461,0.02683120407164097,0,0.03541223332285881,-0.02628280222415924,0.9990270137786865,0,0,1.4659559726715088,0,1,0.9992589354515076,0.016035696491599083,-0.0349985733628273,0,-0.01510023232549429,0.9995260238647461,0.02683119662106037,0,0.035412225872278214,-0.026282813400030136,0.9990270137786865,0,0,1.6753770112991333,0,1,0.9964790344238281,0.08384183794260025,-0.00008608770440332592,0,-0.08289004862308502,0.9853200912475586,0.1492466926574707,0,0.01259793620556593,-0.14871399104595184,0.9887999892234802,0,0,1.8847999572753906,0,1,0.9958410859107971,-0.054349154233932495,-0.07312265783548355,0,0.06293081492185593,0.9906930327415466,0.12069805711507797,0,0.06588220596313477,-0.12479761987924576,0.9899920225143433,0,0,0.855912983417511,0.3470599949359894,1,-0.05545027181506157,0.0022857252042740583,-0.9984589219093323,0,0.9743810296058655,-0.2181718349456787,-0.05461255460977554,0,-0.21796050667762756,-0.9759079217910767,0.00987054780125618,0,0.652642011642456,1.576030969619751,-0.03514900058507919,1,0.7773745656013489,0.488491415977478,-0.3963141143321991,0,-0.15897083282470703,0.7621448040008545,0.6275862455368042,0,0.6086190938949585,-0.42486709356307983,0.6701277494430542,0,0,1.451390027999878,0,1,0.05293655768036842,0.9918889403343201,-0.11556084454059601,0,-0.9977929592132568,0.04789314419031143,-0.04599347710609436,0,-0.04008585214614868,0.11774053424596786,0.9922351241111755,0,0,3.2703590393066406,0,1,0.6570469737052917,0.21626129746437073,0.7221640944480896,0,-0.13562944531440735,0.9762482643127441,-0.16895024478435516,0,-0.7415487766265869,0.013061522506177425,0.6707723140716553,0,0,2.8214590549468994,0,1,0.5909620523452759,0.6146310567855835,0.5224868655204773,0,-0.49630898237228394,0.7876130938529968,-0.3651607930660248,0,-0.6359571814537048,-0.0435187928378582,0.7704969644546509,0,-0.3050509989261627,0.43549299240112305,0,1,0.9828210473060608,0.07787103205919266,0.16733098030090332,0,-0.09120494872331619,0.9931139945983887,0.07352686673402786,0,-0.16045302152633667,-0.08752511441707611,0.9831549525260925,0,-0.06800000369548798,0.4198940098285675,0,1,0.9850000143051147,0.17243613302707672,0.006441108882427216,0,-0.17243286967277527,0.9850210547447205,-0.0010628004092723131,0,-0.006527890916913748,-0.00006380043487297371,0.9999790191650391,0,-0.004792999941855669,0.4857949912548065,0,1,0.8438880443572998,0.4614979028701782,0.2736268639564514,0,-0.5356059670448303,0.6949220895767212,0.4798009991645813,0,0.03127782419323921,-0.5514549016952515,0.8336180448532104,0,0,0.9967560172080994,0,1,0.92085200548172,0.37204915285110474,0.1166636124253273,0,-0.38229691982269287,0.8026642203330994,0.45779773592948914,0,0.07668160647153854,-0.4661644399166107,0.8813688158988953,0,0.060189999639987946,0.5512700080871582,0,1,0.9998880624771118,-0.014909063465893269,-0.0014488515444099903,0,0.014908935874700546,0.9998889565467834,-0.00009780590335140005,0,0.0014501484110951424,0.00007619409007020295,0.999998927116394,0,-0.026318000629544258,0.4993000030517578,0,1,0.0539134182035923,0.0038139368407428265,0.998538076877594,0,-0.9601489901542664,-0.27444037795066833,0.05288897827267647,0,0.2742409408092499,-0.9615971446037292,-0.011134138330817223,0,-0.652642011642456,1.5792399644851685,-0.05662799999117851,1,0.974017858505249,0.1874900460243225,0.127027690410614,0,-0.20326845347881317,0.4764527976512909,0.8553799390792847,0,0.09985250234603882,-0.8589757680892944,0.5021841526031494,0,0,1.451390027999878,0,1,-0.18929432332515717,-0.9752139449119568,0.11456936597824097,0,0.9811331033706665,-0.1925227791070938,-0.01770089380443096,0,0.039319369941949844,0.10905710607767105,0.993257999420166,0,0,3.2765069007873535,0,1,0.9314578771591187,-0.3629562258720398,0.025473181158304214,0,0.35621678829193115,0.9239460825920105,0.13940325379371643,0,-0.07413313537836075,-0.1207742989063263,0.98990797996521,0,0,2.8292040824890137,0,1,0.5100788474082947,-0.588410496711731,-0.6273695826530457,0,0.697342574596405,0.7098904252052307,-0.09883691370487213,0,0.5035203099250793,-0.38707688450813293,0.7724237442016602,0,0.32116401195526123,0.5079699754714966,0,1,0.9666640758514404,0.1958409696817398,-0.16494807600975037,0,-0.21990585327148438,0.9649779796600342,-0.1430319845676422,0,0.1311597228050232,0.17453689873218536,0.9758760333061218,0,0.08328499644994736,0.4735170006752014,0,1,0.9805968999862671,-0.19602727890014648,0.0019260076805949211,0,0.1960267275571823,0.9805980324745178,0.0003946027427446097,0,-0.0019659921526908875,-0.00000939727669901913,0.9999979734420776,0,-0.002070999937132001,0.4775800108909607,0,1,0.7320689558982849,-0.6162270307540894,-0.29041388630867004,0,0.6779927015304565,0.6175482869148254,0.39869818091392517,0,-0.0663439929485321,-0.4887728691101074,0.8698850274085999,0,0,1.0201549530029297,0,1,0.9808918833732605,-0.18984834849834442,-0.042519938200712204,0,0.19326671957969666,0.9257789850234985,0.3249329924583435,0,-0.022323938086628914,-0.32694199681282043,0.9447809457778931,0,-0.07540299743413925,0.5894140005111694,0,1,0.99850994348526,-0.05411519855260849,-0.006976510398089886,0,0.0541188009083271,0.9985340237617493,0.0003289645246695727,0,0.006948488764464855,-0.0007060355274006724,0.9999759793281555,0,0.0557279996573925,0.5480239987373352,0,1,-0.9888220429420471,-0.0436784103512764,0.14256058633327484,0,0.12764620780944824,-0.7421213984489441,0.65799880027771,0,0.0770568996667862,0.6688408255577087,0.73940110206604,0,1.022987961769104,-0.6898429989814758,-0.1812169998884201,1,0.9972710013389587,-0.04562927782535553,0.058047518134117126,0,0.06001574918627739,0.04301900416612625,-0.9972698092460632,0,0.04300755262374878,0.9980317950248718,0.045640066266059875,0,0,5.231299877166748,0,1,0.9651299118995667,-0.16655698418617249,0.20194613933563232,0,-0.14648355543613434,0.2957310974597931,0.9439732432365417,0,-0.21694721281528473,-0.9406391978263855,0.261021226644516,0,0,4.76700496673584,0,1,0.9823120832443237,-0.011179264634847641,0.18691779673099518,0,-0.11224319040775299,0.7638500332832336,0.6355580687522888,0,-0.1498822420835495,-0.6452966332435608,0.7490843534469604,0,0,1.9788390398025513,0,1,-0.9955540299415588,-0.06661242991685867,0.06659103184938431,0,0.08080559223890305,-0.9672884345054626,0.24046631157398224,0,0.048394687473773956,0.244778111577034,0.9683704972267151,0,-1.022987961769104,-0.6898429989814758,-0.09872400015592575,1,0.9980649948120117,0.05115949735045433,-0.03534390404820442,0,-0.054331470280885696,0.44105252623558044,-0.8958352208137512,0,-0.030241964384913445,0.8960222005844116,0.44297870993614197,0,0,5.234388828277588,0,1,0.9822520613670349,-0.1873338669538498,-0.009371521882712841,0,-0.007014074362814426,-0.08661356568336487,0.9962170124053955,0,-0.18743681907653809,-0.9784700870513916,-0.08639029413461685,0,0,4.769873142242432,0,1,0.9801889657974243,0.027122527360916138,-0.19619803130626678,0,0.12222849577665329,0.6966265439987183,0.7069454193115234,0,0.15585094690322876,-0.716921329498291,0.679510772228241,0,0,1.9828089475631714,0,1
K0.067,0.9789930582046509,-0.057948190718889236,0.19548733532428741,0,0.05975721776485443,0.9982069730758667,-0.0033639848697930574,0,-0.19494178891181946,0.014975089579820633,0.9807000756263733,0,0.048449695110321045,10.435669898986816,0.07657048851251602,1,0.9992300271987915,0.008095396682620049,-0.038388803601264954,0,-0.013177699409425259,0.9908870458602905,-0.13404765725135803,0,0.03695380687713623,0.13445034623146057,0.990230917930603,0,0,1.2427419424057007,-0.1856590062379837,1,0.9971501231193542,0.01304532028734684,-0.07431329041719437,0,-0.011043749749660492,0.9995670318603516,0.027281727641820908,0,0.07463697344064713,-0.02638326771557331,0.9968619346618652,0,0,1.4659559726715088,0,1,0.9971500635147095,0.013045326806604862,-0.07431378215551376,0,-0.01104374323040247,0.9995670318603516,0.027281727641820908,0,0.07463748008012772,-0.02638326585292816,0.99686199426651,0,0,1.6753770112991333,0,1,0.9968630075454712,0.07911889255046844,-0.002237991662696004,0,-0.07810919731855392,0.9879260063171387,0.1337989717721939,0,0.012796985916793346,-0.13320434093475342,0.9910059571266174,0,0,1.8847999572753906,0,1,0.9964039921760559,-0.053016263991594315,-0.06609934568405151,0,0.0597807839512825,0.9926779866218567,0.1049591675400734,0,0.060050785541534424,-0.10853314399719238,0.9922770261764526,0,0,0.855912983417511,0.3470599949359894,1,-0.06421787291765213,0.0029829549603164196,-0.9979310035705566,0,0.9718290567398071,-0.2270520180463791,-0.06321690231561661,0,-0.22677087783813477,-0.973878026008606,0.011681907810270786,0,0.652642011642456,1.576030969619751,-0.03514900058507919,1,0.7566132545471191,0.5184819102287292,-0.3983888030052185,0,-0.1574568748474121,0.7358303070068359,0.6586046814918518,0,0.6346209049224854,-0.435579776763916,0.6383771896362305,0,0,1.451390027999878,0,1,0.07912885397672653,0.9903749227523804,-0.11355699598789215,0,-0.9961389303207397,0.07421092689037323,-0.04690761864185333,0,-0.03802899643778801,0.11683036386966705,0.9924240112304688,0,0,3.2703590393066406,0,1,0.6722007393836975,0.15086951851844788,0.7248342037200928,0,-0.0811736211180687,0.9881339073181152,-0.13039439916610718,0,-0.7359059453010559,0.028813811019062996,0.6764711141586304,0,0,2.8214590549468994,0,1,0.5909757614135742,0.6140822768211365,0.523115873336792,0,-0.4965306520462036,0.7879812121391296,-0.3640640676021576,0,-0.6357711553573608,-0.0445900522172451,0.7705889344215393,0,-0.3050509989261627,0.43549299240112305,0,1,0.982699990272522,0.07633117586374283,0.1687428206205368,0,-0.08955585956573486,0.9933620691299438,0.07219301909208298,0,-0.16211217641830444,-0.08605600893497467,0.9830129742622375,0,-0.06800000369548798,0.4198940098285675,0,1,0.9850000739097595,0.17243564128875732,0.006441109348088503,0,-0.1724323332309723,0.9850209355354309,-0.0010627986630424857,0,-0.006527890916913748,-0.00006379878323059529,0.9999790191650391,0,-0.004792999941855669,0.4857949912548065,0,1,0.8493218421936035,0.4530932307243347,0.2708490192890167,0,-0.5272329449653625,0.7028018832206726,0.47759339213371277,0,0.02604110911488533,-0.5484306812286377,0.8357901573181152,0,0,0.9967560172080994,0,1,0.9195741415023804,0.37476375699043274,0.11805206537246704,0,-0.38510915637016296,0.8000578880310059,0.4599980115890503,0,0.07794206589460373,-0.4684649407863617,0.8800370097160339,0,0.060189999639987946,0.5512700080871582,0,1,0.9998880624771118,-0.014909063465893269,-0.0014488515444099903,0,0.014908935874700546,0.9998889565467834,-0.00009780590335140005,0,0.0014501484110951424,0.00007619409007020295,0.999998927116394,0,-0.026318000629544258,0.4993000030517578,0,1,0.06060321256518364,0.004117554984986782,0.9981529116630554,0,-0.9604329466819763,-0.27209505438804626,0.059435442090034485,0,0.271837443113327,-0.9622617959976196,-0.012535179033875465,0,-0.652642011642456,1.5792399644851685,-0.05662799999117851,1,0.9663980603218079,0.20814277231693268,0.15083380043506622,0,-0.23432573676109314,0.47213613986968994,0.8498109579086304,0,0.10566795617341995,-0.8566001057624817,0.5050447583198547,0,0,1.451390027999878,0,1,-0.18338018655776978,-0.9763708710670471,0.11433280259370804,0,0.9822720885276794,-0.1865970492362976,-0.018006160855293274,0,0.03891480714082718,0.10900383442640305,0.993278980255127,0,0,3.2765069007873535,0,1,0.9296619892120361,-0.36565595865249634,0.04500075802206993,0,0.3582899272441864,0.9257819652557373,0.12064637988805771,0,-0.0857759490609169,-0.09603702276945114,0.9916750192642212,0,0,2.8292040824890137,0,1,0.5106998085975647,-0.591795027256012,-0.6236691474914551,0,0.6997858881950378,0.7075490951538086,-0.09835900366306305,0,0.49948492646217346,-0.38620299100875854,0.7754750847816467,0,0.32116401195526123,0.5079699754714966,0,1,0.9699439406394958,0.18834301829338074,-0.15406133234500885,0,-0.2100771814584732,0.9676640033721924,-0.13962185382843018,0,0.1227828711271286,0.1677902340888977,0.9781469702720642,0,0.08328499644994736,0.4735170006752014,0,1,0.9805968999862671,-0.19602727890014648,0.001925057265907526,0,0.1960267275571823,0.9805980324745178,0.0003940037568099797,0,-0.0019649427849799395,-0.000008996245924208779,0.9999979734420776,0,-0.002070999937132001,0.4775800108909607,0,1,0.7456808090209961,-0.6046181321144104,-0.27999329566955566,0,0.6627541780471802,0.6297317743301392,0.40520912408828735,0,-0.06867615878582001,-0.4877239167690277,0.8702930212020874,0,0,1.0201549530029297,0,1,0.9802500009536743,-0.19295212626457214,-0.04334814473986626,0,0.1964108645915985,0.9243050813674927,0.32723695039749146,0,-0.023074142634868622,-0.3292880356311798,0.943947970867157,0,-0.07540299743413925,0.5894140005111694,0,1,0.99850994348526,-0.05411519855260849,-0.006976010277867317,0,0.0541188009083271,0.9985340237617493,0.0003289780579507351,0,0.006947988644242287,-0.0007060219650156796,0.9999759793281555,0,0.0557279996573925,0.5480239987373352,0,1,-0.98698490858078,-0.012936356477439404,0.16028815507888794,0,0.12083498388528824,-0.7173494100570679,0.6861544251441956,0,0.10610637813806534,0.6965930461883545,0.7095769643783569,0,1.022987961769104,-0.6898429989814758,-0.1812169998884201,1,0.9979100227355957,-0.048529043793678284,0.042675334960222244,0,0.05618400499224663,0.3252146542072296,-0.9439698457717896,0,0.03193128481507301,0.9443938732147217,0.3272612690925598,0,0,5.231299877166748,0,1,0.9571409225463867,-0.1643233597278595,0.23849287629127502,0,-0.19847984611988068,0.22753144800662994,0.9533278942108154,0,-0.2109188288450241,-0.9598059058189392,0.1851649135351181,0,0,4.76700496673584,0,1,0.9815210700035095,-0.02630973607301712,0.18953877687454224,0,-0.12014380842447281,0.6862095594406128,0.7174134850502014,0,-0.14893822371959686,-0.7269281148910522,0.6703678965568542,0,0,1.9788390398025513,0,1,-0.9954390525817871,-0.02205059863626957,0.09282073378562927,0,0.028110329061746597,-0.9975219368934631,0.0644916519522667,0,0.09116862714290619,0.06680671870708466,0.9935919046401978,0,-1.022987961769104,-0.6898429989814758,-0.09872400015592575,1,0.9983850121498108,0.05091523751616478,-0.025212891399860382,0,-0.05048181861639023,0.591330885887146,-0.8048478960990906,0,-0.02606983296573162,0.8048200607299805,0.5929455757141113,0,0,5.234388828277588,0,1,0.9823789000511169,-0.18564048409461975,0.021643996238708496,0,-0.02963424287736416,-0.040374886244535446,0.9987449645996094,0,-0.1845337152481079,-0.9817879796028137,-0.04516477882862091,0,0,4.769873142242432,0,1,0.979882001876831,0.03411784768104553,-0.19663988053798676,0,0.12565988302230835,0.6599904894828796,0.7406906485557556,0,0.15505114197731018,-0.7504987716674805,0.6424252390861511,0,0,1.9828089475631714,0,1
K0.100,0.9682740569114685,-0.045353956520557404,0.24573975801467896,0,0.04540503770112991,0.9989539980888367,0.005461045075207949,0,-0.24573025107383728,0.005870031658560038,0.9693198800086975,0,0.07432102411985397,10.667801856994629,0.0449649877846241,1,0.9983890056610107,0.0023590836208313704,-0.05669306591153145,0,-0.010044911876320839,0.9907030463218689,-0.1356705129146576,0,0.055845946073532104,0.1360214650630951,0.9891308546066284,0,0,1.2427419424057007,-0.1856590062379837,1,0.9939079880714417,0.01235778909176588,-0.10951776802539825,0,-0.009754214435815811,0.9996580481529236,0.024277081713080406,0,0.10978025197982788,-0.023060908541083336,0.9936879873275757,0,0,1.4659559726715088,0,1,0.9939079880714417,0.01235778909176588,-0.10951776802539825,0,-0.009754214435815811,0.9996580481529236,0.024277081713080406,0,0.10978025197982788,-0.023060908541083336,0.9936879873275757,0,0,1.6753770112991333,0,1,0.9969800710678101,0.07755467295646667,-0.004115945193916559,0,-0.0765453428030014,0.9902030825614929,0.11678794026374817,0,0.013133055530488491,-0.11612004786729813,0.9931479692459106,0,0,1.8847999572753906,0,1,0.996097981929779,-0.05778186768293381,-0.0667039155960083,0,0.06424214690923691,0.9929959177970886,0.09915938228368759,0,0.06050708889961243,-0.10305764526128769,0.9928330183029175,0,0,0.855912983417511,0.3470599949359894,1,-0.07063255459070206,0.004379993304610252,-0.9974930286407471,0,0.967195987701416,-0.2443208247423172,-0.06956004351377487,0,-0.24401314556598663,-0.9696850180625916,0.013020713813602924,0,0.652642011642456,1.576030969619751,-0.03514900058507919,1,0.7443649172782898,0.5265518426895142,-0.41068726778030396,0,-0.1436491310596466,0.7268738746643066,0.6715800762176514,0,0.6521397829055786,-0.44090592861175537,0.6166983246803284,0,0,1.451390027999878,0,1,0.0929667130112648,0.9892950057983398,-0.11248309165239334,0,-0.9949830174446106,0.08811426162719727,-0.047378651797771454,0,-0.03696008399128914,0.11632335186004639,0.9925229549407959,0,0,3.2703590393066406,0,1,0.6537780165672302,0.10602258145809174,0.7492220401763916,0,-0.051582418382167816,0.9940770864486694,-0.09566076844930649,0,-0.7549259066581726,0.02389420010149479,0.6553740501403809,0,0,2.8214590549468994,0,1,0.5925580859184265,0.6124498844146729,0.5232399702072144,0,-0.4951380491256714,0.7892890572547913,-0.36312589049339294,0,-0.6353840231895447,-0.043902844190597534,0.7709469199180603,0,-0.3050509989261627,0.43549299240112305,0,1,0.9821879863739014,0.07038171589374542,0.1742192506790161,0,-0.08314727246761322,0.9942770004272461,0.06708400696516037,0,-0.16850072145462036,-0.08037497103214264,0.9824190735816956,0,-0.06800000369548798,0.4198940098285675,0,1,0.9850000739097595,0.17243564128875732,0.006441109348088503,0,-0.1724323332309723,0.9850209355354309,-0.0010627986630424857,0,-0.006527890916913748,-0.00006379878323059529,0.9999790191650391,0,-0.004792999941855669,0.4857949912548065,0,1,0.8441740870475769,0.45746180415153503,0.27946120500564575,0,-0.535146176815033,0.6885698437690735,0.4893780052661896,0,0.031443193554878235,-0.5626729726791382,0.8260819911956787,0,0,0.9967560172080994,0,1,0.9220100045204163,0.3695678412914276,0.11540384590625763,0,-0.3797261118888855,0.8050269484519958,0.4557839632034302,0,0.07553984969854355,-0.4640589952468872,0.8825770020484924,0,0.060189999639987946,0.5512700080871582,0,1,0.9998880624771118,-0.014909063465893269,-0.001449351548217237,0,0.014908935874700546,0.9998889565467834,-0.00009780962864169851,0,0.001450648414902389,0.00007619035750394687,0.999998927116394,0,-0.026318000629544258,0.4993000030517578,0,1,0.064029261469841,0.004087891895323992,0.997939944267273,0,-0.9584829211235046,-0.2781841456890106,0.06263713538646698,0,0.2778671383857727,-0.9605189561843872,-0.013893702998757362,0,-0.652642011642456,1.5792399644851685,-0.05662799999117851,1,0.9612189531326294,0.22164104878902435,0.164115309715271,0,-0.25345394015312195,0.47535598278045654,0.8424951434135437,0,0.10871830582618713,-0.8514179587364197,0.5130969882011414,0,0,1.451390027999878,0,1,-0.17251528799533844,-0.9784149527549744,0.11376921832561493,0,0.9842691421508789,-0.17570176720619202,-0.018526706844568253,0,0.038116224110126495,0.1087832972407341,0.9933339953422546,0,0,3.2765069007873535,0,1,0.9289799928665161,-0.3666829466819763,0.050404105335474014,0,0.3578910529613495,0.9246218800544739,0.13033635914325714,0,-0.09439688175916672,-0.10304071009159088,0.9901880025863647,0,0,2.8292040824890137,0,1,0.5111551880836487,-0.592972993850708,-0.6221758127212524,0,0.7006070613861084,0.7067829370498657,-0.09801764786243439,0,0.4978651702404022,-0.3857986330986023,0.7767170667648315,0,0.32116401195526123,0.5079699754714966,0,1,0.9739710688591003,0.17840197682380676,-0.1398307830095291,0,-0.1972140222787857,0.9710549712181091,-0.13475292921066284,0,0.11174320429563522,0.15882205963134766,0.9809629321098328,0,0.08328499644994736,0.4735170006752014,0,1,0.9805968999862671,-0.19602727890014648,0.001925057265907526,0,0.1960267275571823,0.9805980324745178,0.0003940037568099797,0,-0.0019649427849799395,-0.000008996245924208779,0.9999979734420776,0,-0.002070999937132001,0.4775800108909607,0,1,0.7592249512672424,-0.5924389958381653,-0.26943325996398926,0,0.6478139758110046,0.6481109261512756,0.4003600478172302,0,-0.06256625056266785,-0.47850582003593445,0.8758520483970642,0,0,1.0201549530029297,0,1,0.9801160097122192,-0.1935930997133255,-0.04351969063282013,0,0.19705988466739655,0.9239979386329651,0.3277119994163513,0,-0.023230688646435738,-0.3297719359397888,0.9437750577926636,0,-0.07540299743413925,0.5894140005111694,0,1,0.9985100030899048,-0.054114699363708496,-0.006976010277867317,0,0.05411829799413681,0.9985340237617493,0.00032897977507673204,0,0.006947988644242287,-0.0007060202187858522,0.9999759793281555,0,0.0557279996573925,0.5480239987373352,0,1,-0.98624587059021,-0.005420151632279158,0.16519680619239807,0,0.11784685403108597,-0.7238571047782898,0.6798107624053955,0,0.11589417606592178,0.6899282336235046,0.7145397067070007,0,1.022987961769104,-0.6898429989814758,-0.1812169998884201,1,0.9984800219535828,-0.04799472168087959,0.027091193944215775,0,0.04999827966094017,0.5820270776748657,-0.8116310238838196,0,0.023186197504401207,0.8117519617080688,0.5835421085357666,0,0,5.231299877166748,0,1,0.9761830568313599,0.029721451923251152,0.21490156650543213,0,-0.2161005586385727,0.22063493728637695,0.951115071773529,0,-0.01914628967642784,-0.97490394115448,0.22180317342281342,0,0,4.76700496673584,0,1,0.9812120199203491,-0.03278520330786705,0.19012705981731415,0,-0.1234482005238533,0.6506351232528687,0.7492888569831848,0,-0.1482689529657364,-0.758682131767273,0.6343638896942139,0,0,1.9788390398025513,0,1,-0.9927068948745728,0.017695073038339615,0.1192438006401062,0,-0.03259897977113724,-0.9917190074920654,-0.12422192841768265,0,0.11605820059776306,-0.12720315158367157,0.9850629568099976,0,-1.022987961769104,-0.6898429989814758,-0.09872400015592575,1,0.9988800287246704,0.04504265636205673,-0.014511131681501865,0,-0.04391133412718773,0.7679129242897034,-0.6390480995178223,0,-0.01764112152159214,0.6389688849449158,0.7690300345420837,0,0,5.234388828277588,0,1,0.9839449524879456,-0.16536037623882294,0.06714196503162384,0,-0.052350327372550964,0.09224319458007812,0.994359016418457,0,-0.17062105238437653,-0.981909990310669,0.0821055993437767,0,0,4.769873142242432,0,1,0.9770269989967346,0.05993806943297386,-0.2045130580663681,0,0.1321350336074829,0.5825468301773071,0.8019841909408569,0,0.1672079861164093,-0.810584306716919,0.5612446069717407,0,0,1.9828089475631714,0,1
