2.867,30,87,41
B0,mixamorig_Hips,-1,0.9986649751663208,-0.037599001079797745,-0.0354279987514019,0,0.033629000186920166,0.9937260150909424,-0.10666999965906143,0,0.03921699896454811,0.10533600300550461,0.9936630129814148,0,-0.03515399992465973,11.579565048217773,0.15495599806308746,1
B1,mixamorig_Spine,0,0.9999939799308777,-0.0017819999484345317,-0.0030789999291300774,0,0.0012339999666437507,0.9855080246925354,-0.169623002409935,0,0.0033370000310242176,0.16961799561977386,0.9855039715766907,0,0,1.2427419424057007,-0.1856590062379837,1
B2,mixamorig_Spine1,1,0.9998850226402283,-0.011181999929249287,-0.010266999714076519,0,0.010712999850511551,0.9989439845085144,-0.04468299821019173,0,0.010755999945104122,0.04456799849867821,0.9989479780197144,0,0,1.4659559726715088,0,1
B3,mixamorig_Spine2,2,0.9998850226402283,-0.011181999929249287,-0.010266999714076519,0,0.010712999850511551,0.9989439845085144,-0.04468299821019173,0,0.010754999704658985,0.04456799849867821,0.9989479780197144,0,0,1.6753770112991333,0,1
B4,mixamorig_Neck,3,0.9987720251083374,0.04652399942278862,0.017013000324368477,0,-0.0486689992249012,0.9856100082397461,0.16187599301338196,0,-0.009236999787390232,-0.16250500082969666,0.9866639971733093,0,0,1.8847999572753906,0,1
B5,mixamorig_Head,4,0.9997180104255676,-0.018570000305771828,0.01477499958127737,0,0.016227999702095985,0.9892539978027344,0.1453070044517517,0,-0.0173140000551939,-0.14502599835395813,0.9892759919166565,0,0,0.855912983417511,0.3470599949359894,1
B6,mixamorig_HeadTop_End,5,1,0,0,0,0,1,0,0,0,0,1,0,0,2.8392999172210693,1.1512919664382935,1
B7,mixamorig_LeftShoulder,3,0.06942100077867508,-0.07652000337839127,-0.9946479797363281,0,0.9621610045433044,-0.2582150101661682,0.08701899647712708,0,-0.2634910047054291,-0.963051974773407,0.055698998272418976,0,0.652642011642456,1.576030969619751,-0.03514900058507919,1
B8,mixamorig_LeftArm,7,0.9005950093269348,0.10785499960184097,-0.4210659861564636,0,0.26777198910713196,0.6254019737243652,0.7329189777374268,0,0.3423849940299988,-0.7728130221366882,0.5343530178070068,0,0,1.451390027999878,0,1
B9,mixamorig_LeftForeArm,8,0.24245600402355194,0.9680060148239136,-0.06464499980211258,0,-0.9684230089187622,0.23749400675296783,-0.07585799694061279,0,-0.05807799845933914,0.08099599927663803,0.9950209856033325,0,0,3.2703590393066406,0,1
B10,mixamorig_LeftHand,9,0.7875660061836243,0.4173229932785034,0.4534110128879547,0,-0.5207639932632446,0.8441060185432434,0.12763500213623047,0,-0.3294619917869568,-0.33664101362228394,0.8821160197257996,0,0,2.8214590549468994,0,1
B11,mixamorig_LeftHandThumb1,10,0.8947650194168091,0.3104749917984009,0.32093900442123413,0,-0.20321600139141083,0.9231100082397461,-0.32645300030708313,0,-0.39761701226234436,0.22687900066375732,0.8890600204467773,0,-0.3050509989261627,0.43549299240112305,0,1
B12,mixamorig_LeftHandThumb2,11,0.9989740252494812,0.04021599888801575,0.020826000720262527,0,-0.04161600023508072,0.9965450167655945,0.07187400013208389,0,-0.01786400005221367,-0.07266700267791748,0.9971960186958313,0,-0.06800000369548798,0.4198940098285675,0,1
B13,mixamorig_LeftHandThumb3,12,0.9850000143051147,0.17243599891662598,0.0064409999176859856,0,-0.172433003783226,0.9850209951400757,-0.0010629999451339245,0,-0.006527999881654978,-0.00006399999983841553,0.9999790191650391,0,-0.004792999941855669,0.4857949912548065,0,1
B14,mixamorig_LeftHandThumb4,13,1,0,0,0,0,1,0,0,0,0,1,0,0.07279200106859207,0.44150298833847046,0,1
B15,mixamorig_LeftHandIndex1,10,0.970458984375,0.2228190004825592,0.09252700209617615,0,-0.23646500706672668,0.9545480012893677,0.18144600093364716,0,-0.047892000526189804,-0.19796599447727203,0.9790380001068115,0,0,0.9967560172080994,0,1
B16,mixamorig_LeftHandIndex2,15,0.9964519739151001,0.08178500086069107,0.019843000918626785,0,-0.08413899689912796,0.973209023475647,0.21397200226783752,0,-0.0018119999440386891,-0.2148829996585846,0.9766380190849304,0,0.060189999639987946,0.5512700080871582,0,1
B17,mixamorig_LeftHandIndex3,16,0.999888002872467,-0.014909000135958195,-0.0014489999739453197,0,0.014909000135958195,0.9998890161514282,-0.000097999996796716,0,0.0014509999891743064,0.00007599999662488699,0.9999989867210388,0,-0.026318000629544258,0.4993000030517578,0,1
B18,mixamorig_LeftHandIndex4,17,1,0,0,0,0,1,0,0,0,0,1,0,-0.033872999250888824,0.5011600255966187,0,1
B19,mixamorig_RightShoulder,3,0.0012669999850913882,0.03006099909543991,0.999547004699707,0,-0.9786679744720459,-0.20531399548053741,0.007414999883621931,0,0.20544399321079254,-0.9782339930534363,0.029159000143408775,0,-0.652642011642456,1.5792399644851685,-0.05662799999117851,1
B20,mixamorig_RightArm,19,0.9487090110778809,-0.3161509931087494,-0.00015100000018719584,0,0.13912199437618256,0.41704899072647095,0.8981729745864868,0,-0.28389599919319153,-0.8521260023117065,0.4396420121192932,0,0,1.451390027999878,0,1
B21,mixamorig_RightForeArm,20,0.6979420185089111,-0.715686023235321,0.025894999504089355,0,0.7160459756851196,0.6967489719390869,-0.04265499860048294,0,0.01248599961400032,0.04831299930810928,0.9987540245056152,0,0,3.2765069007873535,0,1
B22,mixamorig_RightHand,21,0.6937130093574524,-0.7178959846496582,-0.05820799991488457,0,0.7137479782104492,0.6960359811782837,-0.07808800041675568,0,0.09657400101423264,0.012624000199139118,0.9952459931373596,0,0,2.8292040824890137,0,1
B23,mixamorig_RightHandThumb1,22,0.4887320101261139,-0.5783179998397827,-0.6532149910926819,0,0.595999002456665,0.7681009769439697,-0.23410800099372864,0,0.6371240019798279,-0.2748990058898926,0.7200719714164734,0,0.32116401195526123,0.5079699754714966,0,1
B24,mixamorig_RightHandThumb2,23,0.9991809725761414,-0.03719199821352959,-0.015962999314069748,0,0.03881800174713135,0.992264986038208,0.11791200190782547,0,0.011454000137746334,-0.11843500286340714,0.9928960204124451,0,0.08328499644994736,0.4735170006752014,0,1
B25,mixamorig_RightHandThumb3,24,0.9805970191955566,-0.1960269957780838,0.0019259999971836805,0,0.1960269957780838,0.980597972869873,0.00039400000241585076,0,-0.0019650000613182783,-0.000009000000318337698,0.9999979734420776,0,-0.002070999937132001,0.4775800108909607,0,1
B26,mixamorig_RightHandThumb4,25,1,0,0,0,0,1,0,0,0,0,1,0,-0.08121500164270401,0.3971160054206848,0,1
B27,mixamorig_RightHandIndex1,22,0.7777169942855835,-0.615788996219635,-0.12633000314235687,0,0.6071649789810181,0.6838070154190063,0.4046710133552551,0,-0.16280700266361237,-0.39142298698425293,0.9056940078735352,0,0,1.0201549530029297,0,1
B28,mixamorig_RightHandIndex2,27,0.976481020450592,-0.2099349945783615,-0.04911699891090393,0,0.21375800669193268,0.9129160046577454,0.347694993019104,0,-0.02815300039947033,-0.3500170111656189,0.9363200068473816,0,-0.07540299743413925,0.5894140005111694,0,1
B29,mixamorig_RightHandIndex3,28,0.9985100030899048,-0.05411500111222267,-0.006976000033318996,0,0.05411899834871292,0.9985340237617493,0.00032900000223889947,0,0.006947999820113182,-0.0007060000207275152,0.9999759793281555,0,0.0557279996573925,0.5480239987373352,0,1
B30,mixamorig_RightHandIndex4,29,1,0,0,0,0,1,0,0,0,0,1,0,0.019675999879837036,0.41751301288604736,0,1
B31,mixamorig_LeftUpLeg,0,-0.972586989402771,-0.2284960001707077,0.04316899925470352,0,0.2322770059108734,-0.9458199739456177,0.2268729954957962,0,-0.011009999550879002,0.23068100214004517,0.9729670286178589,0,1.022987961769104,-0.6898429989814758,-0.1812169998884201,1
B32,mixamorig_LeftLeg,31,0.9980610013008118,-0.0393810011446476,0.04820999875664711,0,0.05695100128650665,0.26496198773384094,-0.9625759720802307,0,0.025134000927209854,0.963454008102417,0.2666909992694855,0,0,5.231299877166748,0,1
B33,mixamorig_LeftFoot,32,0.9686490297317505,-0.24791400134563446,-0.016036000102758408,0,0.1407019942998886,0.4942609965801239,0.8578510284423828,0,-0.2047470062971115,-0.8332129716873169,0.5136479735374451,0,0,4.76700496673584,0,1
B34,mixamorig_LeftToeBase,33,0.9822419881820679,-0.007873999886214733,0.1874540001153946,0,-0.10959500074386597,0.7868599891662598,0.6073219776153564,0,-0.1522819995880127,-0.6170809864997864,0.7720239758491516,0,0,1.9788390398025513,0,1
B35,mixamorig_LeftToe_End,34,1,0,0,0,0,1,0,0,0,0,1,0,0,0.7514830231666565,0,1
B36,mixamorig_RightUpLeg,0,-0.9953740239143372,-0.06782300025224686,-0.06804399937391281,0,0.05674099922180176,-0.9865469932556152,0.15331199765205383,0,-0.07752600312232971,0.14874200522899628,0.9858319759368896,0,-1.022987961769104,-0.6898429989814758,-0.09872400015592575,1
B37,mixamorig_RightLeg,36,0.9992820024490356,0.03569699823856354,-0.012667999602854252,0,-0.037477001547813416,0.8831549882888794,-0.46758100390434265,0,-0.005503000225871801,0.46772000193595886,0.8838589787483215,0,0,5.234388828277588,0,1
B38,mixamorig_RightFoot,37,0.9705219864845276,-0.09579599648714066,-0.22115500271320343,0,0.24101099371910095,0.386258989572525,0.8903470039367676,0,0.0001320000010309741,-0.917402982711792,0.39796000719070435,0,0,4.769873142242432,0,1
B39,mixamorig_RightToeBase,38,0.9815189838409424,0.0011520000407472253,-0.19136199355125427,0,0.10903999954462051,0.8184009790420532,0.5642070174217224,0,0.15726099908351898,-0.57464599609375,0.8031499981880188,0,0,1.9828089475631714,0,1
B40,mixamorig_RightToe_End,39,1,0,0,0,0,1,0,0,0,0,1,0,0,0.7492420077323914,0,1
@34,0,1,2,3,4,5,7,8,9,10,11,12,13,15,16,17,19,20,21,22,23,24,25,27,28,29,31,32,33,34,36,37,38,39
K0.000,0.998664915561676,-0.03759906440973282,-0.035428304225206375,0,0.033628929406404495,0.9937260150909424,-0.10666994750499725,0,0.03921668976545334,0.10533604770898819,0.9936630725860596,0,-0.03515399992465973,11.579565048217773,0.15495599806308746,1,0.9999940395355225,-0.0017820581560954452,-0.003079173620790243,0,0.0012339415261521935,0.9855080246925354,-0.16962292790412903,0,0.0033368270378559828,0.16961805522441864,0.9855039715766907,0,0,1.2427419424057007,-0.1856590062379837,1,0.9998850226402283,-0.011182171292603016,-0.010267099365592003,0,0.010712829418480396,0.9989439845085144,-0.04468308389186859,0,0.010755900293588638,0.04456791281700134,0.9989479780197144,0,0,1.4659559726715088,0,1,0.9998850226402283,-0.01118216011673212,-0.010266599245369434,0,0.010712840594351292,0.9989439845085144,-0.04468308389186859,0,0.01075540017336607,0.04456791654229164,0.9989479780197144,0,0,1.6753770112991333,0,1,0.9987720251083374,0.04652436450123787,0.01701299659907818,0,-0.04866864159703255,0.9856100678443909,0.1618758887052536,0,-0.00923700537532568,-0.162505105137825,0.9866639971733093,0,0,1.8847999572753906,0,1,0.9997180104255676,-0.01856992207467556,0.014774719253182411,0,0.016228077933192253,0.9892539978027344,0.14530691504478455,0,-0.017314281314611435,-0.1450261026620865,0.9892759323120117,0,0,0.855912983417511,0.3470599949359894,1,0.06942155957221985,-0.07652010023593903,-0.9946478605270386,0,0.9621611833572388,-0.25821447372436523,0.08701902627944946,0,-0.26349106431007385,-0.9630519151687622,0.05569903180003166,0,0.652642011642456,1.576030969619751,-0.03514900058507919,1,0.9005948901176453,0.10785536468029022,-0.42106616497039795,0,0.2677723169326782,0.6254018545150757,0.732918918132782,0,0.34238484501838684,-0.772813081741333,0.5343531370162964,0,0,1.451390027999878,0,1,0.24245576560497284,0.9680060744285583,-0.06464512646198273,0,-0.9684229493141174,0.23749427497386932,-0.0758579820394516,0,-0.058078132569789886,0.08099602162837982,0.9950209856033325,0,0,3.2703590393066406,0,1,0.7875660061836243,0.4173230230808258,0.4534110128879547,0,-0.5207639336585999,0.8441060185432434,0.1276349425315857,0,-0.329461932182312,-0.3366410434246063,0.8821159601211548,0,0,2.8214590549468994,0,1,0.8947651386260986,0.3104747533798218,0.3209387958049774,0,-0.20321626961231232,0.9231099486351013,-0.32645314931869507,0,-0.3976172208786011,0.22687888145446777,0.8890600204467773,0,-0.3050509989261627,0.43549299240112305,0,1,0.998974084854126,0.04021569341421127,0.02082621119916439,0,-0.04161630943417549,0.9965450167655945,0.07187402248382568,0,-0.017863791435956955,-0.07266698032617569,0.9971960186958313,0,-0.06800000369548798,0.4198940098285675,0,1,0.9850000143051147,0.17243613302707672,0.006441108882427216,0,-0.17243286967277527,0.9850210547447205,-0.0010628004092723131,0,-0.006527890916913748,-0.00006380043487297371,0.9999790191650391,0,-0.004792999941855669,0.4857949912548065,0,1,0.9704590439796448,0.2228187471628189,0.0925271138548851,0,-0.23646527528762817,0.9545478820800781,0.1814463585615158,0,-0.04789188876748085,-0.19796563684940338,0.9790381193161011,0,0,0.9967560172080994,0,1,0.9964519143104553,0.08178534358739853,0.0198432058095932,0,-0.0841386541724205,0.9732089638710022,0.21397221088409424,0,-0.0018117952859029174,-0.2148827612400055,0.9766380190849304,0,0.060189999639987946,0.5512700080871582,0,1,0.9998880624771118,-0.014909063465893269,-0.001449351548217237,0,0.014908935874700546,0.9998889565467834,-0.00009780962864169851,0,0.001450648414902389,0.00007619035750394687,0.999998927116394,0,-0.026318000629544258,0.4993000030517578,0,1,0.0012671981239691377,0.03006056509912014,0.9995471239089966,0,-0.9786680936813354,-0.2053138166666031,0.007415433879941702,0,0.20544365048408508,-0.9782341718673706,0.02915906347334385,0,-0.652642011642456,1.5792399644851685,-0.05662799999117851,1,0.9487088918685913,-0.3161512613296509,-0.00015077607531566173,0,0.13912175595760345,0.4170491695404053,0.898172914981842,0,-0.2838957607746124,-0.8521260619163513,0.4396419823169708,0,0,1.451390027999878,0,1,0.6979418396949768,-0.7156861424446106,0.02589469589293003,0,0.7160457372665405,0.696749210357666,-0.04265530779957771,0,0.01248569879680872,0.04831269383430481,0.9987540245056152,0,0,3.2765069007873535,0,1,0.6937129497528076,-0.717896044254303,-0.05820821225643158,0,0.7137479782104492,0.6960360407829285,-0.07808760553598404,0,0.09657379239797592,0.012624393217265606,0.9952459931373596,0,0,2.8292040824890137,0,1,0.4887318015098572,-0.5783180594444275,-0.6532151103019714,0,0.5959989428520203,0.768100917339325,-0.23410822451114655,0,0.6371238231658936,-0.2748992443084717,0.7200719714164734,0,0.32116401195526123,0.5079699754714966,0,1,0.9991809725761414,-0.03719183802604675,-0.015962917357683182,0,0.03881816565990448,0.992264986038208,0.11791196465492249,0,0.0114540820941329,-0.11843504011631012,0.9928959608078003,0,0.08328499644994736,0.4735170006752014,0,1,0.9805968999862671,-0.19602727890014648,0.0019255572697147727,0,0.1960267275571823,0.9805980324745178,0.0003940532333217561,0,-0.0019654426723718643,-0.00000894675849849591,0.9999979734420776,0,-0.002070999937132001,0.4775800108909607,0,1,0.777717113494873,-0.6157888770103455,-0.12632983922958374,0,0.6071650981903076,0.683806836605072,0.4046711325645447,0,-0.16280685365200043,-0.3914228677749634,0.9056941270828247,0,0,1.0201549530029297,0,1,0.9764810800552368,-0.20993489027023315,-0.04911733791232109,0,0.21375812590122223,0.9129158854484558,0.34769514203071594,0,-0.02815333381295204,-0.35001683235168457,0.9363200664520264,0,-0.07540299743413925,0.5894140005111694,0,1,0.99850994348526,-0.05411519855260849,-0.006976010277867317,0,0.0541188009083271,0.9985340237617493,0.0003289780579507351,0,0.006947988644242287,-0.0007060219650156796,0.9999759793281555,0,0.0557279996573925,0.5480239987373352,0,1,-0.9725869297981262,-0.22849585115909576,0.04316871613264084,0,0.23227715492248535,-0.9458198547363281,0.2268730103969574,0,-0.011009719222784042,0.23068097233772278,0.9729670286178589,0,1.022987961769104,-0.6898429989814758,-0.1812169998884201,1,0.998060941696167,-0.039381399750709534,0.048209793865680695,0,0.05695059150457382,0.2649620473384857,-0.9625759720802307,0,0.02513379603624344,0.963454008102417,0.26669079065322876,0,0,5.231299877166748,0,1,0.9686490297317505,-0.24791394174098969,-0.01603620871901512,0,0.1407020539045334,0.49426114559173584,0.857850968837738,0,-0.20474720001220703,-0.8332130312919617,0.5136476755142212,0,0,4.76700496673584,0,1,0.9822419881820679,-0.007874167524278164,0.18745386600494385,0,-0.1095951646566391,0.7868600487709045,0.6073219180107117,0,-0.15228210389614105,-0.6170810461044312,0.7720238566398621,0,0,1.9788390398025513,0,1,-0.9953741431236267,-0.06782292574644089,-0.06804364919662476,0,0.05674107372760773,-0.98654705286026,0.15331201255321503,0,-0.07752635329961777,0.14874199032783508,0.9858319759368896,0,-1.022987961769104,-0.6898429989814758,-0.09872400015592575,1,0.9992820024490356,0.035697340965270996,-0.012668311595916748,0,-0.03747665509581566,0.883155107498169,-0.4675809144973755,0,-0.005503312684595585,0.46772006154060364,0.8838589191436768,0,0,5.234388828277588,0,1,0.9705219268798828,-0.09579561650753021,-0.22115525603294373,0,0.2410113513469696,0.3862585127353668,0.8903470635414124,0,0.00013174813648220152,-0.9174028635025024,0.3979604244232178,0,0,4.769873142242432,0,1,0.9815189838409424,0.0011521244887262583,-0.19136209785938263,0,0.10904011875391006,0.8184009194374084,0.5642070770263672,0,0.15726087987422943,-0.5746459364891052,0.8031501173973083,0,0,1.9828089475631714,0,1
K0.033,0.9982410073280334,-0.041546780616045,-0.042301882058382034,0,0.03686932101845741,0.9936919808387756,-0.10591099411249161,0,0.04643525928258896,0.1041649580001831,0.9934750199317932,0,-0.06112413480877876,11.579925537109375,0.1063445508480072,1,0.9999930262565613,-0.000027122710889670998,-0.003717997809872031,0,-0.0006021640729159117,0.9855909943580627,-0.16914795339107513,0,0.0036690125707536936,0.1691490113735199,0.985584020614624,0,0,1.2427419424057007,-0.1856590062379837,1,0.9998700022697449,-0.010897803120315075,-0.011854039505124092,0,0.010368157178163528,0.9989839792251587,-0.0438602976500988,0,0.012319975532591343,0.0437316857278347,0.9989669919013977,0,0,1.4659559726715088,0,1,0.9998700022697449,-0.010897800326347351,-0.011854042299091816,0,0.010368159972131252,0.9989840388298035,-0.04385979846119881,0,0.012319972738623619,0.04373118653893471,0.9989669919013977,0,0,1.6753770112991333,0,1,0.9990469813346863,0.040644410997629166,0.015926599502563477,0,-0.04271553084254265,0.985418975353241,0.1646963208913803,0,-0.009000388905405998,-0.16521969437599182,0.9862160682678223,0,0,1.8847999572753906,0,1,0.9996629953384399,-0.0235200896859169,0.010953598655760288,0,0.02192504145205021,0.9915210604667664,0.12808701395988464,0,-0.013873334042727947,-0.12780362367630005,0.9917020201683044,0,0,0.855912983417511,0.3470599949359894,1,0.07037792354822159,-0.07647930830717087,-0.9945840239524841,0,0.9617751836776733,-0.2593185603618622,0.08799685537815094,0,-0.26464396715164185,-0.9627591371536255,0.05530555173754692,0,0.652642011642456,1.576030969619751,-0.03514900058507919,1,0.9029920101165771,0.1103091835975647,-0.41525495052337646,0,0.26186403632164,0.6249380111694336,0.7354458570480347,0,0.3406349718570709,-0.7728419899940491,0.5354279279708862,0,0,1.451390027999878,0,1,0.24480979144573212,0.9674230813980103,-0.06451316922903061,0,-0.967837929725647,0.23985426127910614,-0.0758860856294632,0,-0.05794016644358635,0.08101591467857361,0.9950270056724548,0,0,3.2703590393066406,0,1,0.7899590730667114,0.4169870615005493,0.4495398998260498,0,-0.5221281051635742,0.8418529629707336,0.13662415742874146,0,-0.32147595286369324,-0.34264490008354187,0.8827499747276306,0,0,2.8214590549468994,0,1,0.8947650194168091,0.31047460436820984,0.32093822956085205,0,-0.20321638882160187,0.9231099486351013,-0.3264531195163727,0,-0.39761677384376526,0.22687895596027374,0.8890601992607117,0,-0.3050509989261627,0.43549299240112305,0,1,0.998974084854126,0.04021618887782097,0.020826229825615883,0,-0.041616808623075485,0.9965450167655945,0.07187402248382568,0,-0.017863772809505463,-0.07266698777675629,0.9971960186958313,0,-0.06800000369548798,0.4198940098285675,0,1,0.9850000143051147,0.17243613302707672,0.006441108882427216,0,-0.17243286967277527,0.9850210547447205,-0.0010628004092723131,0,-0.006527890916913748,-0.00006380043487297371,0.9999790191650391,0,-0.004792999941855669,0.4857949912548065,0,1,0.9704590439796448,0.2228187620639801,0.09252706170082092,0,-0.23646526038646698,0.9545479416847229,0.1814458817243576,0,-0.047891948372125626,-0.1979651004076004,0.9790379405021667,0,0,0.9967560172080994,0,1,0.9964520335197449,0.08178585022687912,0.01984325982630253,0,-0.0841391533613205,0.9732089638710022,0.21397221088409424,0,-0.001811740454286337,-0.2148827761411667,0.9766380190849304,0,0.060189999639987946,0.5512700080871582,0,1,0.9998880624771118,-0.014909063465893269,-0.001449351548217237,0,0.014908935874700546,0.9998889565467834,-0.00009780962864169851,0,0.001450648414902389,0.00007619035750394687,0.999998927116394,0,-0.026318000629544258,0.4993000030517578,0,1,0.0007503966917283833,0.02983720600605011,0.999553918838501,0,-0.9790908098220825,-0.203309565782547,0.006803888827562332,0,0.20342208445072174,-0.978659987449646,0.0290608499199152,0,-0.652642011642456,1.5792399644851685,-0.05662799999117851,1,0.9479970335960388,-0.3180808126926422,0.011211410164833069,0,0.13073714077472687,0.42127716541290283,0.8974589109420776,0,-0.2901877462863922,-0.8493232131004333,0.4409547746181488,0,0,1.451390027999878,0,1,0.6831415891647339,-0.7297964096069336,0.02674504928290844,0,0.7301599979400635,0.6818841099739075,-0.043599944561719894,0,0.013582049869000912,0.049313075840473175,0.9986910223960876,0,0,3.2765069007873535,0,1,0.6947690844535828,-0.7175629734992981,-0.04898487403988838,0,0.7129729390144348,0.6960890293121338,-0.08443747460842133,0,0.09468702971935272,0.023739652708172798,0.9952239990234375,0,0,2.8292040824890137,0,1,0.4887318015098572,-0.5783180594444275,-0.6532151103019714,0,0.5959989428520203,0.768100917339325,-0.23410822451114655,0,0.6371238231658936,-0.2748992443084717,0.7200719714164734,0,0.32116401195526123,0.5079699754714966,0,1,0.9991809725761414,-0.03719183802604675,-0.015962917357683182,0,0.03881816565990448,0.992264986038208,0.11791196465492249,0,0.0114540820941329,-0.11843504011631012,0.9928959608078003,0,0.08328499644994736,0.4735170006752014,0,1,0.9805968999862671,-0.19602727890014648,0.001925057265907526,0,0.1960267275571823,0.9805980324745178,0.0003940037568099797,0,-0.0019649427849799395,-0.000008996245924208779,0.9999979734420776,0,-0.002070999937132001,0.4775800108909607,0,1,0.777717113494873,-0.6157888770103455,-0.12632983922958374,0,0.6071650981903076,0.683806836605072,0.4046711325645447,0,-0.16280685365200043,-0.3914228677749634,0.9056941270828247,0,0,1.0201549530029297,0,1,0.9764810800552368,-0.20993487536907196,-0.049117278307676315,0,0.21375811100006104,0.9129160642623901,0.34769466519355774,0,-0.028153274208307266,-0.3500162661075592,0.9363199472427368,0,-0.07540299743413925,0.5894140005111694,0,1,0.9985100030899048,-0.054114699363708496,-0.006976010277867317,0,0.05411829799413681,0.9985340237617493,0.00032897977507673204,0,0.006947988644242287,-0.0007060202187858522,0.9999759793281555,0,0.0557279996573925,0.5480239987373352,0,1,-0.9714261293411255,-0.21385887265205383,0.10293824970722198,0,0.23489993810653687,-0.9283669590950012,0.288021445274353,0,0.03396850824356079,0.3039715886116028,0.9520748257637024,0,1.022987961769104,-0.6898429989814758,-0.1812169998884201,1,0.9980970025062561,-0.04116453230381012,0.045916955918073654,0,0.05632647126913071,0.30543678998947144,-0.9505447149276733,0,0.025103984400629997,0.9513217210769653,0.30717402696609497,0,0,5.231299877166748,0,1,0.9757639169692993,-0.21650926768779755,0.03176448866724968,0,0.0707302838563919,0.44941672682762146,0.8905171751976013,0,-0.20708081126213074,-0.8666881918907166,0.45383861660957336,0,0,4.76700496673584,0,1,0.9822350144386292,-0.0079532191157341,0.18748685717582703,0,-0.10962821543216705,0.7865617871284485,0.6077032089233398,0,-0.15230309963226318,-0.6174607872962952,0.7717161178588867,0,0,1.9788390398025513,0,1,-0.9948160648345947,-0.07369628548622131,-0.07007713615894318,0,0.06474887579679489,-0.9903730750083923,0.12234503775835037,0,-0.07841885089874268,0.11717331409454346,0.990010142326355,0,-1.022987961769104,-0.6898429989814758,-0.09872400015592575,1,0.9992759823799133,0.035947080701589584,-0.012489206157624722,0,-0.03760591894388199,0.8825289607048035,-0.46875306963920593,0,-0.005828212946653366,0.4688829183578491,0.8832409977912903,0,0,5.234388828277588,0,1,0.9694308638572693,-0.08958124369382858,-0.2284284383058548,0,0.24536173045635223,0.35920286178588867,0.9004281163215637,0,0.0013906782260164618,-0.9289500117301941,0.37020203471183777,0,0,4.769873142242432,0,1,0.9815199971199036,0.001151100848801434,-0.19135691225528717,0,0.1090380921959877,0.8184008002281189,0.5642081499099731,0,0.157256081700325,-0.5746467709541321,0.8031511902809143,0,0,1.9828089475631714,0,1
K0.067,0.9976920485496521,-0.0471537820994854,-0.04885593056678772,0,0.04187211021780968,0.9936950206756592,-0.10399983823299408,0,0.05345193296670914,0.10171420872211456,0.9933769702911377,0,-0.0744868740439415,11.584176063537598,0.06243142485618591,1,0.9999880194664001,0.0019709940534085035,-0.0044123223051428795,0,-0.0026869666762650013,0.9856709837913513,-0.16866013407707214,0,0.0040166680701076984,0.1686698943376541,0.9856640696525574,0,0,1.2427419424057007,-0.1856590062379837,1,0.999879002571106,-0.008981973864138126,-0.012719695456326008,0,0.008428062312304974,0.9990419745445251,-0.04295121878385544,0,0.013093286193907261,0.04283878952264786,0.9989960193634033,0,0,1.4659559726715088,0,1,0.999879002571106,-0.008981973864138126,-0.012719695456326008,0,0.008428062312304974,0.9990419745445251,-0.04295121878385544,0,0.013093286193907261,0.04283878952264786,0.9989960193634033,0,0,1.6753770112991333,0,1,0.9991779923439026,0.03758916258811951,0.015167891047894955,0,-0.03957989439368248,0.9854879975318909,0.16506513953208923,0,-0.008743117563426495,-0.16552984714508057,0.9861660003662109,0,0,1.8847999572753906,0,1,0.999538004398346,-0.02945590578019619,0.007539228070527315,0,0.028429977595806122,0.9933290481567383,0.11175718158483505,0,-0.010780836455523968,-0.1114911437034607,0.9937069416046143,0,0,0.855912983417511,0.3470599949359894,1,0.07098501920700073,-0.07642418146133423,-0.9945449829101562,0,0.9614251255989075,-0.26039576530456543,0.08863083273172379,0,-0.2657488286495209,-0.9624720811843872,0.05499188229441643,0,0.652642011642456,1.576030969619751,-0.03514900058507919,1,0.9051249027252197,0.11409830302000046,-0.4095483720302582,0,0.2553234100341797,0.6243669390678406,0.7382248640060425,0,0.3399387001991272,-0.7727530598640442,0.5359981060028076,0,0,1.451390027999878,0,1,0.24914699792861938,0.9663330316543579,-0.06423168629407883,0,-0.9667490124702454,0.24421092867851257,-0.0758742243051529,0,-0.057633690536022186,0.08099977672100067,0.995046079158783,0,0,3.2703590393066406,0,1,0.7902809381484985,0.41908398270606995,0.4470180571079254,0,-0.5256949663162231,0.8385250568389893,0.14324772357940674,0,-0.3148030638694763,-0.3482011556625366,0.8829808831214905,0,0,2.8214590549468994,0,1,0.8947649002075195,0.31047409772872925,0.3209382891654968,0,-0.20321592688560486,0.9231100678443909,-0.32645300030708313,0,-0.39761674404144287,0.22687901556491852,0.8890601992607117,0,-0.3050509989261627,0.43549299240112305,0,1,0.9989740252494812,0.040216173976659775,0.020826729014515877,0,-0.04161682352423668,0.9965450167655945,0.07187400758266449,0,-0.017864271998405457,-0.07266699522733688,0.9971960186958313,0,-0.06800000369548798,0.4198940098285675,0,1,0.9850000739097595,0.17243564128875732,0.006441109348088503,0,-0.1724323332309723,0.9850209355354309,-0.0010627986630424857,0,-0.006527890916913748,-0.00006379878323059529,0.9999790191650391,0,-0.004792999941855669,0.4857949912548065,0,1,0.9704590439796448,0.2228187471628189,0.0925271138548851,0,-0.23646527528762817,0.9545478820800781,0.1814463585615158,0,-0.04789188876748085,-0.19796563684940338,0.9790381193161011,0,0,0.9967560172080994,0,1,0.9964519143104553,0.08178534358739853,0.0198432058095932,0,-0.0841386541724205,0.9732089638710022,0.21397221088409424,0,-0.0018117952859029174,-0.2148827612400055,0.9766380190849304,0,0.060189999639987946,0.5512700080871582,0,1,0.9998880624771118,-0.014909063465893269,-0.001449351548217237,0,0.014908935874700546,0.9998889565467834,-0.00009780962864169851,0,0.001450648414902389,0.00007619035750394687,0.999998927116394,0,-0.026318000629544258,0.4993000030517578,0,1,0.00011780168279074132,0.029556889086961746,0.9995629191398621,0,-0.9796479940414429,-0.20063288509845734,0.00604807585477829,0,0.20072388648986816,-0.979219913482666,0.028931764885783195,0,-0.652642011642456,1.5792399644851685,-0.05662799999117851,1,0.9473140835762024,-0.3196597695350647,0.020338701084256172,0,0.12429528683423996,0.42538660764694214,0.8964352011680603,0,-0.2952061593532562,-0.8466779589653015,0.4427070915699005,0,0,1.451390027999878,0,1,0.6687910556793213,-0.7429389357566833,0.027563996613025665,0,0.7433058023452759,0.6674702167510986,-0.04450317472219467,0,0.014664995484054089,0.05025181174278259,0.9986290335655212,0,0,3.2765069007873535,0,1,0.6996297836303711,-0.7132912874221802,-0.0416518971323967,0,0.7084917426109314,0.7001082301139832,-0.08881282061338425,0,0.09251020103693008,0.03262604773044586,0.9951769709587097,0,0,2.8292040824890137,0,1,0.4887312054634094,-0.5783177614212036,-0.6532149910926819,0,0.5959992408752441,0.7681007385253906,-0.23410795629024506,0,0.6371240019798279,-0.2748999297618866,0.7200720310211182,0,0.32116401195526123,0.5079699754714966,0,1,0.9991810321807861,-0.03719186782836914,-0.01596241630613804,0,0.03881813585758209,0.992264986038208,0.11791197210550308,0,0.011453581042587757,-0.11843502521514893,0.9928959608078003,0,0.08328499644994736,0.4735170006752014,0,1,0.9805968999862671,-0.19602727890014648,0.0019255572697147727,0,0.1960267275571823,0.9805980324745178,0.0003940532333217561,0,-0.0019654426723718643,-0.00000894675849849591,0.9999979734420776,0,-0.002070999937132001,0.4775800108909607,0,1,0.777717113494873,-0.6157888770103455,-0.12632983922958374,0,0.6071650981903076,0.683806836605072,0.4046711325645447,0,-0.16280685365200043,-0.3914228677749634,0.9056941270828247,0,0,1.0201549530029297,0,1,0.9764810800552368,-0.20993487536907196,-0.049117278307676315,0,0.21375811100006104,0.9129160642623901,0.34769466519355774,0,-0.028153274208307266,-0.3500162661075592,0.9363199472427368,0,-0.07540299743413925,0.5894140005111694,0,1,0.9985100030899048,-0.054114699363708496,-0.006976010277867317,0,0.05411829799413681,0.9985340237617493,0.00032897977507673204,0,0.006947988644242287,-0.0007060202187858522,0.9999759793281555,0,0.0557279996573925,0.5480239987373352,0,1,-0.9703341126441956,-0.19424214959144592,0.1439494490623474,0,0.23242008686065674,-0.9134082794189453,0.33416426181793213,0,0.06657584756612778,0.35770779848098755,0.9314571022987366,0,1.022987961769104,-0.6898429989814758,-0.1812169998884201,1,0.9982370138168335,-0.04304419085383415,0.04086883366107941,0,0.05460980534553528,0.3962611258029938,-0.9165123701095581,0,0.02325580082833767,0.9171284437179565,0.3979131579399109,0,0,5.231299877166748,0,1,0.976593017578125,-0.20729415118694305,0.05740368738770485,0,0.0361262783408165,0.4211587905883789,0.9062671065330505,0,-0.2120400220155716,-0.8829807043075562,0.41878968477249146,0,0,4.76700496673584,0,1,0.9822049736976624,-0.0083038080483675,0.1876310110092163,0,-0.10977281630039215,0.7852371335029602,0.6093868613243103,0,-0.15239499509334564,-0.6191391944885254,0.7703518271446228,0,0,1.9788390398025513,0,1,-0.9942469596862793,-0.08087301254272461,-0.07023780047893524,0,0.07436681538820267,-0.993091881275177,0.09076813608407974,0,-0.0770932137966156,0.08502250164747238,0.9933919310569763,0,-1.022987961769104,-0.6898429989814758,-0.09872400015592575,1,0.9992780089378357,0.03602989390492439,-0.01202508993446827,0,-0.03748311102390289,0.8841621279716492,-0.46567487716674805,0,-0.006146082654595375,0.46578916907310486,0.8848739266395569,0,0,5.234388828277588,0,1,0.9682371020317078,-0.08343309164047241,-0.23570452630519867,0,0.24998193979263306,0.3424992561340332,0.9056509137153625,0,0.005167366471141577,-0.9358059167861938,0.3524770140647888,0,0,4.769873142242432,0,1,0.9815240502357483,0.0011457419022917747,-0.19133614003658295,0,0.10903073847293854,0.8184000253677368,0.5642110705375671,0,0.15723586082458496,-0.5746480226516724,0.8031540513038635,0,0,1.9828089475631714,0,1
K0.100,0.9970840215682983,-0.05378032475709915,-0.05414190888404846,0,0.048089686781167984,0.993681013584137,-0.10141924768686295,0,0.05925409868359566,0.09851976484060287,0.9933689832687378,0,-0.07141099125146866,11.581128120422363,0.023821989074349403,1,0.9999790191650391,0.0038570500910282135,-0.005207935813814402,0,-0.004678950645029545,0.9857110977172852,-0.16838061809539795,0,0.004484065808355808,0.16840137541294098,0.9857079386711121,0,0,1.2427419424057007,-0.1856590062379837,1,0.9998949766159058,-0.005896951071918011,-0.01320901419967413,0,0.005332046654075384,0.9990860223770142,-0.04240093380212784,0,0.013446984812617302,0.04232607036828995,0.9990130066871643,0,0,1.4659559726715088,0,1,0.9998949766159058,-0.005896951071918011,-0.01320901419967413,0,0.005332046654075384,0.9990860223770142,-0.04240093380212784,0,0.013446984812617302,0.04232607036828995,0.9990130066871643,0,0,1.6753770112991333,0,1,0.9992960691452026,0.03466061130166054,0.014386968687176704,0,-0.03655838221311569,0.9856789112091064,0.164621964097023,0,-0.008475031703710556,-0.1650320291519165,0.9862520694732666,0,0,1.8847999572753906,0,1,0.9994129538536072,-0.03396012634038925,0.004503241740167141,0,0.03328486531972885,0.9937139749526978,0.10688482224941254,0,-0.008104756474494934,-0.10667219012975693,0.9942610263824463,0,0,0.855912983417511,0.3470599949359894,1,0.07137875258922577,-0.07639733701944351,-0.994519054889679,0,0.9612151980400085,-0.2610330581665039,0.08904064446687698,0,-0.2664046883583069,-0.9623021483421326,0.054801978170871735,0,0.652642011642456,1.576030969619751,-0.03514900058507919,1,0.9068250060081482,0.1188998892903328,-0.40439102053642273,0,0.24878288805484772,0.6234830021858215,0.7411999702453613,0,0.34025898575782776,-0.7727430462837219,0.5358089208602905,0,0,1.451390027999878,0,1,0.2550193667411804,0.9648270010948181,-0.06383413076400757,0,-0.9652431607246399,0.25011250376701355,-0.075827956199646,0,-0.057195138186216354,0.08095304667949677,0.9950760006904602,0,0,3.2703590393066406,0,1,0.7889140248298645,0.4225479066371918,0.4461710751056671,0,-0.530584990978241,0.834662914276123,0.1477031260728836,0,-0.30999088287353516,-0.35325685143470764,0.882675051689148,0,0,2.8214590549468994,0,1,0.8947650790214539,0.31047481298446655,0.32093897461891174,0,-0.20321622490882874,0.9231099486351013,-0.326453298330307,0,-0.39761704206466675,0.22687876224517822,0.8890590667724609,0,-0.3050509989261627,0.43549299240112305,0,1,0.998974084854126,0.04021567478775978,0.020826710388064384,0,-0.041616328060626984,0.9965450167655945,0.07187401503324509,0,-0.0178642887622118,-0.07266699522733688,0.9971960186958313,0,-0.06800000369548798,0.4198940098285675,0,1,0.9850000739097595,0.17243564128875732,0.006441109348088503,0,-0.1724323332309723,0.9850209355354309,-0.0010627986630424857,0,-0.006527890916913748,-0.00006379878323059529,0.9999790191650391,0,-0.004792999941855669,0.4857949912548065,0,1,0.9704590439796448,0.22281871736049652,0.09252717345952988,0,-0.23646533489227295,0.9545480012893677,0.1814468801021576,0,-0.04789184033870697,-0.19796612858772278,0.9790380001068115,0,0,0.9967560172080994,0,1,0.9964519143104553,0.0817854031920433,0.019842704758048058,0,-0.08413860201835632,0.9732089638710022,0.21397224068641663,0,-0.0018112948164343834,-0.2148827463388443,0.9766380190849304,0,0.060189999639987946,0.5512700080871582,0,1,0.9998880624771118,-0.014909063465893269,-0.0014488515444099903,0,0.014908935874700546,0.9998889565467834,-0.00009780590335140005,0,0.0014501484110951424,0.00007619409007020295,0.999998927116394,0,-0.026318000629544258,0.4993000030517578,0,1,-0.0004591230826918036,0.029305821284651756,0.9995700716972351,0,-0.9801440834999084,-0.1982138454914093,0.0053611453622579575,0,0.19828587770462036,-0.9797211289405823,0.028814921155571938,0,-0.652642011642456,1.5792399644851685,-0.05662799999117851,1,0.946885883808136,-0.32028627395629883,0.02868485078215599,0,0.11828775703907013,0.4298688471317291,0.8951091170310974,0,-0.2990221381187439,-0.8441739678382874,0.4449231028556824,0,0,1.451390027999878,0,1,0.6544910669326782,-0.7555369734764099,0.02838306874036789,0,0.7559060454368591,0.6531059145927429,-0.045382607728242874,0,0.01575106754899025,0.0511573925614357,0.9985659718513489,0,0,3.2765069007873535,0,1,0.7092720866203308,-0.7039539217948914,-0.037181079387664795,0,0.6988981366157532,0.7091068625450134,-0.09331794828176498,0,0.09205691516399384,0.04020204022526741,0.9949420094490051,0,0,2.8292040824890137,0,1,0.4887318015098572,-0.5783180594444275,-0.6532151103019714,0,0.5959989428520203,0.768100917339325,-0.23410822451114655,0,0.6371238231658936,-0.2748992443084717,0.7200719714164734,0,0.32116401195526123,0.5079699754714966,0,1,0.9991810321807861,-0.03719186782836914,-0.01596241630613804,0,0.03881813585758209,0.992264986038208,0.11791197210550308,0,0.011453581042587757,-0.11843502521514893,0.9928959608078003,0,0.08328499644994736,0.4735170006752014,0,1,0.9805968999862671,-0.19602727890014648,0.0019255572697147727,0,0.1960267275571823,0.9805980324745178,0.0003940532333217561,0,-0.0019654426723718643,-0.00000894675849849591,0.9999979734420776,0,-0.002070999937132001,0.4775800108909607,0,1,0.777717113494873,-0.6157888770103455,-0.12632983922958374,0,0.6071650981903076,0.683806836605072,0.4046711325645447,0,-0.16280685365200043,-0.3914228677749634,0.9056941270828247,0,0,1.0201549530029297,0,1,0.9764809608459473,-0.20993535220623016,-0.04911741986870766,0,0.21375861763954163,0.9129160046577454,0.34769514203071594,0,-0.028153415769338608,-0.3500168025493622,0.9363200664520264,0,-0.07540299743413925,0.5894140005111694,0,1,0.9985100030899048,-0.054114699363708496,-0.006976010277867317,0,0.05411829799413681,0.9985340237617493,0.00032897977507673204,0,0.006947988644242287,-0.0007060202187858522,0.9999759793281555,0,0.0557279996573925,0.5480239987373352,0,1,-0.9706368446350098,-0.1690712571144104,0.17111201584339142,0,0.22143369913101196,-0.9058969616889954,0.36099502444267273,0,0.0939759612083435,0.38828495144844055,0.9167349934577942,0,1.022987961769104,-0.6898429989814758,-0.1812169998884201,1,0.9984859824180603,-0.043835319578647614,0.03324367105960846,0,0.051425691694021225,0.5289778709411621,-0.8470760583877563,0,0.01954667456448078,0.8475029468536377,0.5304311513900757,0,0,5.231299877166748,0,1,0.9745529294013977,-0.21209610998630524,0.07253330200910568,0,0.01921686716377735,0.4014463424682617,0.9156808257102966,0,-0.22333072125911713,-0.8909862041473389,0.395306795835495,0,0,4.76700496673584,0,1,0.9821760654449463,-0.00860626995563507,0.18776477873325348,0,-0.10991227626800537,0.7840598225593567,0.610876202583313,0,-0.1524762064218521,-0.6206257939338684,0.7691390514373779,0,0,1.9788390398025513,0,1,-0.9935410022735596,-0.08745139837265015,-0.07231089472770691,0,0.08301260322332382,-0.9946010708808899,0.06227046623826027,0,-0.07736610621213913,0.05586552619934082,0.9954360723495483,0,-1.022987961769104,-0.6898429989814758,-0.09872400015592575,1,0.9992730021476746,0.036277078092098236,-0.011736193671822548,0,-0.037557922303676605,0.8834938406944275,-0.46693530678749084,0,-0.006570193916559219,0.4670366942882538,0.8842142224311829,0,0,5.234388828277588,0,1,0.9680120944976807,-0.07726404815912247,-0.23871059715747833,0,0.2507559657096863,0.330526202917099,0.9098758697509766,0,0.008599409833550453,-0.9406290054321289,0.33932778239250183,0,0,4.769873142242432,0,1,0.9817669987678528,0.0014783436199650168,-0.19008369743824005,0,0.11002634465694427,0.8110162019729614,0.5745847821235657,0,0.15501028299331665,-0.5850222110748291,0.7960657477378845,0,0,1.9828089475631714,0,1
