10.000,30,300,41
B0,mixamorig_Hips,-1,0.9927290081977844,0.012322000227868557,0.11973900347948074,0,-0.002638000063598156,0.9967349767684937,-0.08070199936628342,0,-0.12034200131893158,0.07980000227689743,0.9895200133323669,0,-0.006010000128298998,11.24307918548584,0.12178300321102142,1
B1,mixamorig_Spine,0,0.999297022819519,-0.016888000071048737,-0.033459000289440155,0,0.011367999948561192,0.9872480034828186,-0.1587810069322586,0,0.03571400046348572,0.15828900039196014,0.9867470264434814,0,0,1.2427419424057007,-0.1856590062379837,1
B2,mixamorig_Spine1,1,0.9972900152206421,-0.02170100063085556,-0.07029400020837784,0,0.02015800029039383,0.9995419979095459,-0.022588999941945076,0,0.07075200229883194,0.021111000329256058,0.9972710013389587,0,0,1.4659559726715088,0,1
B3,mixamorig_Spine2,2,0.9972900152206421,-0.02170100063085556,-0.07029400020837784,0,0.02015800029039383,0.9995419979095459,-0.022588999941945076,0,0.07075200229883194,0.021111000329256058,0.9972710013389587,0,0,1.6753770112991333,0,1
B4,mixamorig_Neck,3,0.9991559982299805,0.025714000687003136,0.03203999996185303,0,-0.03211800009012222,0.9752159714698792,0.2189120054244995,0,-0.025616999715566635,-0.21975600719451904,0.9752179980278015,0,0,1.8847999572753906,0,1
B5,mixamorig_Head,4,0.9991559982299805,0.030198000371456146,0.027862999588251114,0,-0.032145000994205475,0.9968630075454712,0.07232200354337692,0,-0.025591999292373657,-0.07315699756145477,0.9969919919967651,0,0,0.855912983417511,0.3470599949359894,1
B6,mixamorig_HeadTop_End,5,1,0,0,0,0,1,0,0,0,0,1,0,0,2.8392999172210693,1.1512919664382935,1
B7,mixamorig_LeftShoulder,3,-0.11864099651575089,0.01620499975979328,-0.992805004119873,0,0.9315590262413025,-0.3442710041999817,-0.11694099754095078,0,-0.3436889946460724,-0.938730001449585,0.025748999789357185,0,0.652642011642456,1.576030969619751,-0.03514900058507919,1
B8,mixamorig_LeftArm,7,0.8995749950408936,0.24765299260616302,-0.35976800322532654,0,0.06922899931669235,0.7324479818344116,0.6772950291633606,0,0.4312460124492645,-0.6341829895973206,0.641746997833252,0,0,1.451390027999878,0,1
B9,mixamorig_LeftForeArm,8,-0.0201019998639822,0.9961169958114624,-0.08571100234985352,0,-0.996550977230072,-0.02686700038611889,-0.07851900160312653,0,-0.0805170014500618,0.08383700251579285,0.9932209849357605,0,0,3.2703590393066406,0,1
B10,mixamorig_LeftHand,9,0.9356330037117004,0.10121200233697891,0.3381519913673401,0,-0.09504300355911255,0.9948650002479553,-0.03479599952697754,0,-0.3399370014667511,0.00041700000292621553,0.940447986125946,0,0,2.8214590549468994,0,1
B11,mixamorig_LeftHandThumb1,10,0.7332680225372314,0.5618659853935242,0.3829149901866913,0,-0.3644089996814728,0.8001970052719116,-0.47633200883865356,0,-0.574042022228241,0.2097409963607788,0.7915080189704895,0,-0.3050509989261627,0.43549299240112305,0,1
B12,mixamorig_LeftHandThumb2,11,0.9868220090866089,-0.13735699653625488,0.08553099632263184,0,0.09968499839305878,0.9324380159378052,0.3473060131072998,0,-0.12745800614356995,-0.33420300483703613,0.9338430166244507,0,-0.06800000369548798,0.4198940098285675,0,1
B13,mixamorig_LeftHandThumb3,12,0.9850000143051147,0.17243599891662598,0.0064409999176859856,0,-0.172433003783226,0.9850209951400757,-0.0010629999451339245,0,-0.006527999881654978,-0.00006399999983841553,0.9999790191650391,0,-0.004792999941855669,0.4857949912548065,0,1
B14,mixamorig_LeftHandThumb4,13,1,0,0,0,0,1,0,0,0,0,1,0,0.07279200106859207,0.44150298833847046,0,1
B15,mixamorig_LeftHandIndex1,10,0.8139749765396118,0.5191770195960999,0.260576993227005,0,-0.5799810290336609,0.751567006111145,0.3142760097980499,0,-0.03267600014805794,-0.4069429934024811,0.9128689765930176,0,0,0.9967560172080994,0,1
B16,mixamorig_LeftHandIndex2,15,0.9654200077056885,0.2529529929161072,0.06308600306510925,0,-0.258448988199234,0.8968930244445801,0.3588689863681793,0,0.034196000546216965,-0.36276400089263916,0.9312530159950256,0,0.060189999639987946,0.5512700080871582,0,1
B17,mixamorig_LeftHandIndex3,16,0.999888002872467,-0.014909000135958195,-0.0014489999739453197,0,0.014909000135958195,0.9998890161514282,-0.000097999996796716,0,0.0014509999891743064,0.00007599999662488699,0.9999989867210388,0,-0.026318000629544258,0.4993000030517578,0,1
B18,mixamorig_LeftHandIndex4,17,1,0,0,0,0,1,0,0,0,0,1,0,-0.033872999250888824,0.5011600255966187,0,1
B19,mixamorig_RightShoulder,3,0.018185000866651535,-0.00009000000136438757,0.9998350143432617,0,-0.9438660144805908,-0.32988500595092773,0.01713700033724308,0,0.3298279941082001,-0.9440209865570068,-0.00608400022611022,0,-0.652642011642456,1.5792399644851685,-0.05662799999117851,1
B20,mixamorig_RightArm,19,0.9747210144996643,0.003003000048920512,0.22340500354766846,0,-0.18013499677181244,0.6020920276641846,0.7778409719467163,0,-0.13217400014400482,-0.7984210252761841,0.5874130129814148,0,0,1.451390027999878,0,1
B21,mixamorig_RightForeArm,20,0.05134499818086624,-0.9965810179710388,0.06472600251436234,0,0.9970530271530151,0.047453999519348145,-0.06027799844741821,0,0.05700000002980232,0.06763000041246414,0.9960809946060181,0,0,3.2765069007873535,0,1
B22,mixamorig_RightHand,21,0.9453179836273193,-0.3025430142879486,-0.12182799726724625,0,0.2553200125694275,0.9188820123672485,-0.30077800154685974,0,0.20294399559497833,0.25322601199150085,0.9458810091018677,0,0,2.8292040824890137,0,1
B23,mixamorig_RightHandThumb1,22,0.6732919812202454,-0.48034700751304626,-0.5620899796485901,0,0.6202279925346375,0.7807589769363403,0.0757170021533966,0,0.40248599648475647,-0.399603009223938,0.8236029744148254,0,0.32116401195526123,0.5079699754714966,0,1
B24,mixamorig_RightHandThumb2,23,0.9914019703865051,-0.030883999541401863,-0.12715299427509308,0,0.05522799864411354,0.9797130227088928,0.1926479935646057,0,0.1186240017414093,-0.1980140060186386,0.9729949831962585,0,0.08328499644994736,0.4735170006752014,0,1
B25,mixamorig_RightHandThumb3,24,0.9805970191955566,-0.1960269957780838,0.0019259999971836805,0,0.1960269957780838,0.980597972869873,0.00039400000241585076,0,-0.0019660000689327717,-0.000009000000318337698,0.9999979734420776,0,-0.002070999937132001,0.4775800108909607,0,1
B26,mixamorig_RightHandThumb4,25,1,0,0,0,0,1,0,0,0,0,1,0,-0.08121500164270401,0.3971160054206848,0,1
B27,mixamorig_RightHandIndex1,22,0.7515289783477783,-0.6169059872627258,-0.23373399674892426,0,0.620398998260498,0.540448009967804,0.5683490037918091,0,-0.22429700195789337,-0.5721390247344971,0.7888910174369812,0,0,1.0201549530029297,0,1
B28,mixamorig_RightHandIndex2,27,0.9782249927520752,-0.20285899937152863,-0.043873000890016556,0,0.2057429999113083,0.9199749827384949,0.333638995885849,0,-0.027319999411702156,-0.3354009985923767,0.9416790008544922,0,-0.07540299743413925,0.5894140005111694,0,1
B29,mixamorig_RightHandIndex3,28,0.9985100030899048,-0.05411500111222267,-0.006976999808102846,0,0.05411799997091293,0.9985340237617493,0.00032900000223889947,0,0.006949000060558319,-0.0007060000207275152,0.9999759793281555,0,0.0557279996573925,0.5480239987373352,0,1
B30,mixamorig_RightHandIndex4,29,1,0,0,0,0,1,0,0,0,0,1,0,0.019675999879837036,0.41751301288604736,0,1
B31,mixamorig_LeftUpLeg,0,-0.9879800081253052,-0.07775100320577621,0.1336040049791336,0,0.10645399987697601,-0.9689080119132996,0.2233469933271408,0,0.1120849996805191,0.23488500714302063,0.9655389785766602,0,1.022987961769104,-0.6898429989814758,-0.1812169998884201,1
B32,mixamorig_LeftLeg,31,0.9986299872398376,-0.05183300003409386,0.007135000079870224,0,0.04391400143504143,0.7561740279197693,-0.6528949737548828,0,0.028446000069379807,0.6523150205612183,0.7574139833450317,0,0,5.231299877166748,0,1
B33,mixamorig_LeftFoot,32,0.9971809983253479,0.015876000747084618,0.07333900034427643,0,-0.07498600333929062,0.24726100265979767,0.9660429954528809,0,-0.0027970001101493835,-0.9688190221786499,0.2477550059556961,0,0,4.76700496673584,0,1
B34,mixamorig_LeftToeBase,33,0.9828709959983826,-0.0002099999983329326,0.18429599702358246,0,-0.10609900206327438,0.8170179724693298,0.5667660236358643,0,-0.15069200098514557,-0.5766119956970215,0.8030009865760803,0,0,1.9788390398025513,0,1
B35,mixamorig_LeftToe_End,34,1,0,0,0,0,1,0,0,0,0,1,0,0,0.7514830231666565,0,1
B36,mixamorig_RightUpLeg,0,-0.9889670014381409,0.13228200376033783,-0.06668099761009216,0,-0.1427990049123764,-0.9710410237312317,0.19154299795627594,0,-0.0394119992852211,0.19895200431346893,0.9792159795761108,0,-1.022987961769104,-0.6898429989814758,-0.09872400015592575,1
B37,mixamorig_RightLeg,36,0.9989259839057922,0.04233299940824509,-0.018848000094294548,0,-0.04435500130057335,0.7557070255279541,-0.6534069776535034,0,-0.013418000191450119,0.6535410284996033,0.7567729949951172,0,0,5.234388828277588,0,1
B38,mixamorig_RightFoot,37,0.9914640188217163,-0.05710599943995476,0.11720599979162216,0,-0.10280399769544601,0.21047799289226532,0.9721779823303223,0,-0.08018600195646286,-0.9759290218353271,0.20281100273132324,0,0,4.769873142242432,0,1
B39,mixamorig_RightToeBase,38,0.9820690155029297,0.000014000000192027073,-0.18852099776268005,0,0.10986500233411789,0.812591016292572,0.5723860263824463,0,0.1531980037689209,-0.5828350186347961,0.7980189919471741,0,0,1.9828089475631714,0,1
B40,mixamorig_RightToe_End,39,1,0,0,0,0,1,0,0,0,0,1,0,0,0.7492420077323914,0,1
@34,0,1,2,3,4,5,7,8,9,10,11,12,13,15,16,17,19,20,21,22,23,24,25,27,28,29,31,32,33,34,36,37,38,39
K0.000,0.9927290678024292,0.012322126887738705,0.11973878741264343,0,-0.00263787480071187,0.9967349767684937,-0.08070234209299088,0,-0.12034222483634949,0.07979967445135117,0.9895199537277222,0,-0.006010000128298998,11.24307918548584,0.12178300321102142,1,0.999297022819519,-0.01688801497220993,-0.033459071069955826,0,0.011367988772690296,0.9872480034828186,-0.15878091752529144,0,0.03571392968297005,0.1582890897989273,0.9867469668388367,0,0,1.2427419424057007,-0.1856590062379837,1,0.9972900152206421,-0.021701093763113022,-0.07029397785663605,0,0.02015790529549122,0.9995419383049011,-0.022589093074202538,0,0.07075201719999313,0.021110905334353447,0.9972710013389587,0,0,1.4659559726715088,0,1,0.9972900152206421,-0.021701093763113022,-0.07029397785663605,0,0.02015790529549122,0.9995419383049011,-0.022589093074202538,0,0.07075201719999313,0.021110905334353447,0.9972710013389587,0,0,1.6753770112991333,0,1,0.9991559982299805,0.02571411430835724,0.03204011544585228,0,-0.03211788833141327,0.9752159714698792,0.21891196072101593,0,-0.025616884231567383,-0.21975606679916382,0.9752179384231567,0,0,1.8847999572753906,0,1,0.9991559982299805,0.030197737738490105,0.027863189578056335,0,-0.03214526176452637,0.9968630075454712,0.07232219725847244,0,-0.025591805577278137,-0.07315679639577866,0.9969919919967651,0,0,0.855912983417511,0.3470599949359894,1,-0.1186409518122673,0.01620476134121418,-0.992805004119873,0,0.9315589666366577,-0.34427139163017273,-0.11694122105836868,0,-0.3436891734600067,-0.9387299418449402,0.02574891783297062,0,0.652642011642456,1.576030969619751,-0.03514900058507919,1,0.899574875831604,0.24765276908874512,-0.35976850986480713,0,0.06922877579927444,0.7324482202529907,0.6772947311401367,0,0.43124550580978394,-0.6341833472251892,0.6417470574378967,0,0,1.451390027999878,0,1,-0.02010198123753071,0.9961169362068176,-0.08571096509695053,0,-0.9965509176254272,-0.02686692215502262,-0.07851909101009369,0,-0.08051695674657822,0.08383691310882568,0.9932209849357605,0,0,3.2703590393066406,0,1,0.9356330633163452,0.10121168196201324,0.33815184235572815,0,-0.09504331648349762,0.9948649406433105,-0.034795887768268585,0,-0.33993712067604065,0.0004171112086623907,0.9404479265213013,0,0,2.8214590549468994,0,1,0.7332679033279419,0.5618662238121033,0.3829149007797241,0,-0.36440879106521606,0.8001973032951355,-0.47633177042007446,0,-0.5740421414375305,0.20974120497703552,0.7915078401565552,0,-0.3050509989261627,0.43549299240112305,0,1,0.9868220090866089,-0.13735699653625488,0.08553136140108109,0,0.09968498349189758,0.9324379563331604,0.34730595350265503,0,-0.1274576336145401,-0.3342030644416809,0.9338430762290955,0,-0.06800000369548798,0.4198940098285675,0,1,0.9850000143051147,0.17243613302707672,0.006441108882427216,0,-0.17243286967277527,0.9850210547447205,-0.0010628004092723131,0,-0.006527890916913748,-0.00006380043487297371,0.9999790191650391,0,-0.004792999941855669,0.4857949912548065,0,1,0.8139747977256775,0.519177258014679,0.2605770528316498,0,-0.5799807906150818,0.7515670657157898,0.31427642703056335,0,-0.032675936818122864,-0.40694257616996765,0.9128690958023071,0,0,0.9967560172080994,0,1,0.9654200077056885,0.25295326113700867,0.06308585405349731,0,-0.2584487199783325,0.8968929648399353,0.3588692247867584,0,0.034195851534605026,-0.3627637028694153,0.9312531352043152,0,0.060189999639987946,0.5512700080871582,0,1,0.9998880624771118,-0.014909063465893269,-0.001449351548217237,0,0.014908935874700546,0.9998889565467834,-0.00009780962864169851,0,0.001450648414902389,0.00007619035750394687,0.999998927116394,0,-0.026318000629544258,0.4993000030517578,0,1,0.01818525418639183,-0.00009028435306390747,0.9998350143432617,0,-0.9438661336898804,-0.32988497614860535,0.017137527465820312,0,0.32982853055000305,-0.9440208077430725,-0.0060843052342534065,0,-0.652642011642456,1.5792399644851685,-0.05662799999117851,1,0.9747210741043091,0.003003004938364029,0.2234046757221222,0,-0.18013499677181244,0.6020920872688293,0.7778409123420715,0,-0.13217435777187347,-0.7984211444854736,0.5874128937721252,0,0,1.451390027999878,0,1,0.0513448566198349,-0.9965810775756836,0.0647260919213295,0,0.9970530271530151,0.04745424538850784,-0.06027768924832344,0,0.057000093162059784,0.06763032078742981,0.9960809946060181,0,0,3.2765069007873535,0,1,0.9453179240226746,-0.3025432527065277,-0.12182800471782684,0,0.2553197741508484,0.9188820123672485,-0.3007781207561493,0,0.20294396579265594,0.2532258629798889,0.9458810091018677,0,0,2.8292040824890137,0,1,0.6732921600341797,-0.4803468585014343,-0.5620899200439453,0,0.620228111743927,0.7807589173316956,0.07571681588888168,0,0.40248608589172363,-0.3996032178401947,0.8236028552055359,0,0.32116401195526123,0.5079699754714966,0,1,0.9914019107818604,-0.030883943662047386,-0.12715314328670502,0,0.05522805452346802,0.9797130227088928,0.1926479935646057,0,0.11862386018037796,-0.1980140209197998,0.9729950428009033,0,0.08328499644994736,0.4735170006752014,0,1,0.9805968999862671,-0.19602727890014648,0.0019260572735220194,0,0.1960267275571823,0.9805980324745178,0.00039410273893736303,0,-0.001965942792594433,-0.000008897271072783042,0.9999979734420776,0,-0.002070999937132001,0.4775800108909607,0,1,0.7515291571617126,-0.6169058680534363,-0.23373383283615112,0,0.6203991174697876,0.5404481887817383,0.56834876537323,0,-0.22429682314395905,-0.5721392631530762,0.7888908386230469,0,0,1.0201549530029297,0,1,0.9782249927520752,-0.202859029173851,-0.043872833251953125,0,0.2057429701089859,0.9199749231338501,0.3336392641067505,0,-0.027319829910993576,-0.3354007303714752,0.941679060459137,0,-0.07540299743413925,0.5894140005111694,0,1,0.9985100030899048,-0.054114699363708496,-0.006977010052651167,0,0.05411829799413681,0.9985340237617493,0.00032895265030674636,0,0.006948988884687424,-0.000706047227140516,0.9999759793281555,0,0.0557279996573925,0.5480239987373352,0,1,-0.9879800081253052,-0.07775138318538666,0.1336042582988739,0,0.10645361989736557,-0.9689080715179443,0.22334694862365723,0,0.11208474636077881,0.2348850518465042,0.9655389785766602,0,1.022987961769104,-0.6898429989814758,-0.1812169998884201,1,0.9986299872398376,-0.051833294332027435,0.007135246880352497,0,0.04391370341181755,0.7561736702919006,-0.6528953909873962,0,0.028446247801184654,0.6523146033287048,0.7574143409729004,0,0,5.231299877166748,0,1,0.9971810579299927,0.01587623916566372,0.07333919405937195,0,-0.07498576492071152,0.24726133048534393,0.9660429358482361,0,-0.0027968178037554026,-0.9688191413879395,0.24775481224060059,0,0,4.76700496673584,0,1,0.9828709959983826,-0.00020974343351554126,0.18429598212242126,0,-0.1060987338423729,0.8170177936553955,0.5667662024497986,0,-0.15069201588630676,-0.5766117572784424,0.8030011057853699,0,0,1.9788390398025513,0,1,-0.9889670610427856,0.13228198885917664,-0.0666808933019638,0,-0.1427990049123764,-0.9710410237312317,0.19154329597949982,0,-0.039412107318639755,0.19895172119140625,0.9792160391807556,0,-1.022987961769104,-0.6898429989814758,-0.09872400015592575,1,0.9989259839057922,0.04233346879482269,-0.018847664818167686,0,-0.04435453563928604,0.7557070851325989,-0.6534069776535034,0,-0.013417664915323257,0.6535410284996033,0.7567729949951172,0,0,5.234388828277588,0,1,0.9914640784263611,-0.057105325162410736,0.11720611900091171,0,-0.1028033196926117,0.21047814190387726,0.9721779823303223,0,-0.08018588274717331,-0.9759290218353271,0.20281097292900085,0,0,4.769873142242432,0,1,0.9820690751075745,0.000014136586287349928,-0.1885206699371338,0,0.10986513644456863,0.8125908970832825,0.5723862051963806,0,0.15319833159446716,-0.5828348398208618,0.7980191111564636,0,0,1.9828089475631714,0,1
K0.033,0.9927189946174622,0.012314116582274437,0.11982205510139465,0,-0.0026237559504806995,0.9967349767684937,-0.08069680631160736,0,-0.12042452394962311,0.07979486882686615,0.9895099401473999,0,-0.0050160083919763565,11.24306869506836,0.12316203862428665,1,0.9992979168891907,-0.01692410558462143,-0.03343197703361511,0,0.011408156715333462,0.9872490167617798,-0.15877492725849152,0,0.03569280728697777,0.158282071352005,0.986748993396759,0,0,1.2427419424057007,-0.1856590062379837,1,0.9972920417785645,-0.0217753853648901,-0.07024914026260376,0,0.020234160125255585,0.9995399713516235,-0.022576795890927315,0,0.07070845365524292,0.021094227209687233,0.9972739815711975,0,0,1.4659559726715088,0,1,0.9972920417785645,-0.0217753853648901,-0.07024914026260376,0,0.020234160125255585,0.9995399713516235,-0.022576797753572464,0,0.07070845365524292,0.021094229072332382,0.9972739815711975,0,0,1.6753770112991333,0,1,0.9991810321807861,0.02545008435845375,0.03146155923604965,0,-0.03173962980508804,0.9751699566841125,0.21917149424552917,0,-0.02510243095457554,-0.21999052166938782,0.9751788973808289,0,0,1.8847999572753906,0,1,0.9991549849510193,0.030217526480555534,0.027846407145261765,0,-0.03217706456780434,0.9968249201774597,0.07283841818571091,0,-0.02555699273943901,-0.07367288321256638,0.9969547986984253,0,0,0.855912983417511,0.3470599949359894,1,-0.11847899109125137,0.01624816097319126,-0.9928231835365295,0,0.9314373731613159,-0.3446495831012726,-0.11679386347532272,0,-0.34407415986061096,-0.9385913610458374,0.02569957636296749,0,0.652642011642456,1.576030969619751,-0.03514900058507919,1,0.8994836807250977,0.2473151683807373,-0.3602263629436493,0,0.06919711083173752,0.7333783507347107,0.676289439201355,0,0.4314393401145935,-0.633238673210144,0.6425491571426392,0,0,1.451390027999878,0,1,-0.02019309252500534,0.9961150884628296,-0.08571913093328476,0,-0.9965479969978333,-0.026958724483847618,-0.0785192921757698,0,-0.08052513748407364,0.08383769541978836,0.9932209849357605,0,0,3.2703590393066406,0,1,0.9353291988372803,0.1013321727514267,0.3389570415019989,0,-0.09492654353380203,0.99485182762146,-0.0354703813791275,0,-0.34080633521080017,0.0010004638461396098,0.9401330947875977,0,0,2.8214590549468994,0,1,0.7339585423469543,0.5618897676467896,0.3815552294254303,0,-0.3649035394191742,0.8000333309173584,-0.47622594237327576,0,-0.5728438496589661,0.21029941737651825,0.7922275066375732,0,-0.3050509989261627,0.43549299240112305,0,1,0.9870374798774719,-0.13624164462089539,0.08482230454683304,0,0.09883631020784378,0.9324329495429993,0.34756261110305786,0,-0.12644363939762115,-0.33467385172843933,0.9338120222091675,0,-0.06800000369548798,0.4198940098285675,0,1,0.9850000739097595,0.17243564128875732,0.006441609468311071,0,-0.1724323332309723,0.9850209355354309,-0.0010628420859575272,0,-0.006528391037136316,-0.00006384222069755197,0.9999790191650391,0,-0.004792999941855669,0.4857949912548065,0,1,0.8140424489974976,0.5190644264221191,0.2605888545513153,0,-0.5798878073692322,0.7515671849250793,0.31444743275642395,0,-0.0326315239071846,-0.4070858657360077,0.9128066301345825,0,0,0.9967560172080994,0,1,0.9654521346092224,0.25281450152397156,0.06314833462238312,0,-0.25834718346595764,0.8969744443893433,0.3587375283241272,0,0.034051623195409775,-0.3626582622528076,0.9313002824783325,0,0.060189999639987946,0.5512700080871582,0,1,0.9998880624771118,-0.014909063465893269,-0.0014493499184027314,0,0.014908935874700546,0.9998889565467834,-0.0000978096213657409,0,0.0014506467850878835,0.0000761903720558621,0.999998927116394,0,-0.026318000629544258,0.4993000030517578,0,1,0.0186017919331789,-0.00005916232112213038,0.9998270273208618,0,-0.9438446760177612,-0.3299245238304138,0.01754075288772583,0,0.3298662602901459,-0.9440072774887085,-0.006193073932081461,0,-0.652642011642456,1.5792399644851685,-0.05662799999117851,1,0.9747533202171326,0.003420311026275158,0.22325992584228516,0,-0.1803981363773346,0.6012812256813049,0.778407096862793,0,-0.13157957792282104,-0.7990303635597229,0.5867177844047546,0,0,1.451390027999878,0,1,0.05128705874085426,-0.996583878993988,0.06473010778427124,0,0.9970558285713196,0.04739617928862572,-0.060277942568063736,0,0.057004086673259735,0.06763103604316711,0.9960809946060181,0,0,3.2765069007873535,0,1,0.9456188678741455,-0.30180054903030396,-0.12133129686117172,0,0.2547219693660736,0.919039785861969,-0.30080321431159973,0,0.20229098200798035,0.2535395920276642,0.9459370970726013,0,0,2.8292040824890137,0,1,0.6741130352020264,-0.4780844449996948,-0.5630335807800293,0,0.6187105774879456,0.7818464636802673,0.07689105719327927,0,0.40344569087028503,-0.4001884162425995,0.822849452495575,0,0.32116401195526123,0.5079699754714966,0,1,0.9913558959960938,-0.02938828244805336,-0.12786732614040375,0,0.05387856438755989,0.9798111915588379,0.19252663850784302,0,0.11962778121232986,-0.19775168597698212,0.9729248285293579,0,0.08328499644994736,0.4735170006752014,0,1,0.9805968999862671,-0.19602727890014648,0.001925057265907526,0,0.1960267275571823,0.9805980324745178,0.0003940037568099797,0,-0.0019649427849799395,-0.000008996245924208779,0.9999979734420776,0,-0.002070999937132001,0.4775800108909607,0,1,0.7516070008277893,-0.6168338060379028,-0.23367275297641754,0,0.6203211545944214,0.5405583381652832,0.5683290958404541,0,-0.22425082325935364,-0.5721122622489929,0.7889225482940674,0,0,1.0201549530029297,0,1,0.9780809879302979,-0.20351271331310272,-0.04404759034514427,0,0.20640236139297485,0.9196524024009705,0.33412182331085205,0,-0.027489561587572098,-0.335889607667923,0.941499650478363,0,-0.07540299743413925,0.5894140005111694,0,1,0.9985100030899048,-0.054114699363708496,-0.006976010277867317,0,0.05411829799413681,0.9985340237617493,0.00032897639903239906,0,0.006947989109903574,-0.0007060168427415192,0.9999759793281555,0,0.0557279996573925,0.5480239987373352,0,1,-0.9879809617996216,-0.0777486115694046,0.13360165059566498,0,0.10641945153474808,-0.9689730405807495,0.22308169305324554,0,0.1121121421456337,0.23461833596229553,0.9656011462211609,0,1.022987961769104,-0.6898429989814758,-0.1812169998884201,1,0.9986220002174377,-0.05202450230717659,0.006915148347616196,0,0.043915387243032455,0.7561838030815125,-0.6528841853141785,0,0.028736839070916176,0.6522879600524902,0.7574260830879211,0,0,5.231299877166748,0,1,0.9971370697021484,0.01573888771235943,0.0739552304148674,0,-0.07554934918880463,0.24702228605747223,0.9660601615905762,0,-0.0030638771131634712,-0.9688822031021118,0.24750426411628723,0,0,4.76700496673584,0,1,0.9828709363937378,-0.00020887261780444533,0.18429505825042725,0,-0.10609887540340424,0.8170191049575806,0.5667658448219299,0,-0.15069091320037842,-0.5766110420227051,0.8030019998550415,0,0,1.9788390398025513,0,1,-0.9889479279518127,0.13242968916893005,-0.06666340678930283,0,-0.14293712377548218,-0.9710370302200317,0.19145773351192474,0,-0.03937794268131256,0.19887039065361023,0.9792340993881226,0,-1.022987961769104,-0.6898429989814758,-0.09872400015592575,1,0.998924970626831,0.04236820712685585,-0.01881006360054016,0,-0.04435580596327782,0.7556861639022827,-0.6534298062324524,0,-0.013470147736370564,0.6535618305206299,0.756753146648407,0,0,5.234388828277588,0,1,0.9914529919624329,-0.05704246833920479,0.11733657866716385,0,-0.10294225811958313,0.21049921214580536,0.9721589088439941,0,-0.08015354722738266,-0.9759280681610107,0.2028278410434723,0,0,4.769873142242432,0,1,0.9820670485496521,0.000037977293686708435,-0.1885327398777008,0,0.10987594723701477,0.8125036358833313,0.5725075006484985,0,0.1532052904367447,-0.5829559564590454,0.7979289889335632,0,0,1.9828089475631714,0,1
K0.067,0.9927089810371399,0.012295776978135109,0.1199100911617279,0,-0.0026042757090181112,0.9967390298843384,-0.08064702898263931,0,-0.12051070481538773,0.07974676787853241,0.9895039796829224,0,-0.0038213974330574274,11.243107795715332,0.12496984750032425,1,0.9992979764938354,-0.016961321234703064,-0.03339756652712822,0,0.011450287885963917,0.9872479438781738,-0.15877743065357208,0,0.03566474840044975,0.158283531665802,0.9867488741874695,0,0,1.2427419424057007,-0.1856590062379837,1,0.997294008731842,-0.02185628190636635,-0.07019027322530746,0,0.02031603455543518,0.9995390176773071,-0.022583549842238426,0,0.07065147906541824,0.021096443757414818,0.9972779750823975,0,0,1.4659559726715088,0,1,0.997294008731842,-0.02185629867017269,-0.07019026577472687,0,0.02031601592898369,0.9995389580726624,-0.02258404903113842,0,0.07065147906541824,0.02109694294631481,0.9972779154777527,0,0,1.6753770112991333,0,1,0.9992082118988037,0.025172436609864235,0.03082677535712719,0,-0.03133310377597809,0.9751459956169128,0.2193383425474167,0,-0.02453930862247944,-0.22013045847415924,0.9751619696617126,0,0,1.8847999572753906,0,1,0.9991549849510193,0.03030296601355076,0.02776719629764557,0,-0.03226902708411217,0.9967858195304871,0.07333089411258698,0,-0.025455791503190994,-0.07416490465402603,0.9969208836555481,0,0,0.855912983417511,0.3470599949359894,1,-0.11827098578214645,0.01622946187853813,-0.9928483366966248,0,0.9315184354782104,-0.34449657797813416,-0.11659643054008484,0,-0.3439253270626068,-0.9386470317840576,0.025625882670283318,0,0.652642011642456,1.576030969619751,-0.03514900058507919,1,0.899412214756012,0.24699202179908752,-0.36062878370285034,0,0.06944489479064941,0.7338204979896545,0.675784707069397,0,0.431549996137619,-0.6328524947166443,0.6428544521331787,0,0,1.451390027999878,0,1,-0.020125815644860268,0.996116042137146,-0.08571399748325348,0,-0.9965501427650452,-0.026891089975833893,-0.07851998507976532,0,-0.08051997423171997,0.08383803069591522,0.9932209849357605,0,0,3.2703590393066406,0,1,0.9350652694702148,0.10169754922389984,0.33957478404045105,0,-0.095076784491539,0.9948145747184753,-0.03612520173192024,0,-0.34148743748664856,0.0014937443193048239,0.9398846626281738,0,0,2.8214590549468994,0,1,0.7344187498092651,0.5613043904304504,0.3815325200557709,0,-0.36440566182136536,0.8003703951835632,-0.47604095935821533,0,-0.5725712180137634,0.21058082580566406,0.7923495769500732,0,-0.3050509989261627,0.43549299240112305,0,1,0.987177848815918,-0.13554003834724426,0.08431059867143631,0,0.09832621365785599,0.9324299693107605,0.347715824842453,0,-0.12574322521686554,-0.33496761322021484,0.9338019490242004,0,-0.06800000369548798,0.4198940098285675,0,1,0.9850000143051147,0.17243613302707672,0.006441605743020773,0,-0.17243286967277527,0.9850210547447205,-0.001062843599356711,0,-0.006528387777507305,-0.00006384359585354105,0.9999790191650391,0,-0.004792999941855669,0.4857949912548065,0,1,0.81388920545578,0.5192146301269531,0.260768860578537,0,-0.580106258392334,0.7513303756713867,0.31460994482040405,0,-0.03257349506020546,-0.4073313772678375,0.9126995205879211,0,0,0.9967560172080994,0,1,0.9655052423477173,0.25259992480278015,0.06318965554237366,0,-0.2581700384616852,0.8971038460731506,0.3585425913333893,0,0.03388015925884247,-0.36248844861984253,0.9313722252845764,0,0.060189999639987946,0.5512700080871582,0,1,0.9998880624771118,-0.014909063465893269,-0.0014488549204543233,0,0.014908935874700546,0.9998889565467834,-0.00009780592517927289,0,0.0014501517871394753,0.00007619406096637249,0.999998927116394,0,-0.026318000629544258,0.4993000030517578,0,1,0.018657075241208076,-0.00004288382478989661,0.9998261332511902,0,-0.9439734220504761,-0.32955095171928406,0.017600765451788902,0,0.32949310541152954,-0.9441383481025696,-0.006189017556607723,0,-0.652642011642456,1.5792399644851685,-0.05662799999117851,1,0.9748141169548035,0.0031489792745560408,0.22299838066101074,0,-0.18020324409008026,0.6002289652824402,0.7792637348175049,0,-0.1313960999250412,-0.799821674823761,0.5856786370277405,0,0,1.451390027999878,0,1,0.05190570279955864,-0.9965547323226929,0.06469284743070602,0,0.997025728225708,0.048017337918281555,-0.0602758526802063,0,0.05696180462837219,0.06762909144163132,0.9960830211639404,0,0,3.2765069007873535,0,1,0.945909857749939,-0.30094677209854126,-0.12118485569953918,0,0.25392940640449524,0.9192575216293335,-0.30080702900886536,0,0.2019270658493042,0.25376400351524353,0.9459543228149414,0,0,2.8292040824890137,0,1,0.6739203333854675,-0.47607389092445374,-0.5649638175964355,0,0.6177659034729004,0.7825338840484619,0.0774935930967331,0,0.4052109122276306,-0.40124014019966125,0.8214682340621948,0,0.32116401195526123,0.5079699754714966,0,1,0.9913300275802612,-0.028586210682988167,-0.12824995815753937,0,0.0531548336148262,0.9798638820648193,0.19246312975883484,0,0.12016558647155762,-0.19761139154434204,0.9728870391845703,0,0.08328499644994736,0.4735170006752014,0,1,0.9805968999862671,-0.19602727890014648,0.001925057265907526,0,0.1960267275571823,0.9805980324745178,0.0003940037568099797,0,-0.0019649427849799395,-0.000008996245924208779,0.9999979734420776,0,-0.002070999937132001,0.4775800108909607,0,1,0.7509617805480957,-0.6174275279045105,-0.23417818546295166,0,0.6209114193916321,0.5395092964172363,0.5686817765235901,0,-0.22477836906909943,-0.5724619030952454,0.7885183095932007,0,0,1.0201549530029297,0,1,0.9777513146400452,-0.20500357449054718,-0.04444574564695358,0,0.20790530741214752,0.9189133644104004,0.3352213501930237,0,-0.027879783883690834,-0.33700358867645264,0.941089928150177,0,-0.07540299743413925,0.5894140005111694,0,1,0.9985100030899048,-0.05411470681428909,-0.006975983269512653,0,0.05411829799413681,0.9985340237617493,0.00032798643223941326,0,0.0069480156525969505,-0.0007050269050523639,0.9999759793281555,0,0.0557279996573925,0.5480239987373352,0,1,-0.987978994846344,-0.07759886234998703,0.13369858264923096,0,0.10627979040145874,-0.9690200686454773,0.2229444533586502,0,0.11225637048482895,0.23447389900684357,0.9656186699867249,0,1.022987961769104,-0.6898429989814758,-0.1812169998884201,1,0.9986231327056885,-0.05198907107114792,0.00695774145424366,0,0.04391586780548096,0.756172776222229,-0.6528962850570679,0,0.028682224452495575,0.6523030996322632,0.7574150562286377,0,0,5.231299877166748,0,1,0.9971525073051453,0.015990914776921272,0.0737031102180481,0,-0.07536804676055908,0.24678383767604828,0.9661347270011902,0,-0.0027393517084419727,-0.9689381718635559,0.24728624522686005,0,0,4.76700496673584,0,1,0.9828709363937378,-0.00020887261780444533,0.18429505825042725,0,-0.10609887540340424,0.8170191049575806,0.5667658448219299,0,-0.15069091320037842,-0.5766110420227051,0.8030019998550415,0,0,1.9788390398025513,0,1,-0.9889368414878845,0.13256284594535828,-0.06656796485185623,0,-0.1430436074733734,-0.9710467457771301,0.1913289725780487,0,-0.039277490228414536,0.1987343579530716,0.9792661666870117,0,-1.022987961769104,-0.6898429989814758,-0.09872400015592575,1,0.9989250302314758,0.042375922203063965,-0.0187968909740448,0,-0.04435403645038605,0.7557345628738403,-0.6533744931221008,0,-0.013481882400810719,0.6535055637359619,0.756801426410675,0,0,5.234388828277588,0,1,0.9914451241493225,-0.05694003030657768,0.11744863539934158,0,-0.10307528078556061,0.2104729413986206,0.972150981426239,0,-0.08007402718067169,-0.975939929485321,0.20280316472053528,0,0,4.769873142242432,0,1,0.9820659756660461,0.00005338608752936125,-0.1885402351617813,0,0.10988231003284454,0.8124495148658752,0.5725836157798767,0,0.1532098799943924,-0.5830317139625549,0.7978724837303162,0,0,1.9828089475631714,0,1
K0.100,0.9927009344100952,0.012292607687413692,0.11997122317552567,0,-0.0026161158457398415,0.9967522025108337,-0.08048315346240997,0,-0.12057104706764221,0.07958193123340607,0.9895099997520447,0,-0.002527973148971796,11.243212699890137,0.12705259025096893,1,0.9992990493774414,-0.01700424589216709,-0.03334227204322815,0,0.011498778127133846,0.9872358441352844,-0.15885187685489655,0,0.03561783209443092,0.15835708379745483,0.9867389798164368,0,0,1.2427419424057007,-0.1856590062379837,1,0.997299075126648,-0.021959388628602028,-0.07009341567754745,0,0.0204106867313385,0.9995329976081848,-0.022734997794032097,0,0.07055989652872086,0.02124292589724064,0.9972810745239258,0,0,1.4659559726715088,0,1,0.997299075126648,-0.021959422156214714,-0.07009340077638626,0,0.020410653203725815,0.99953293800354,-0.022735988721251488,0,0.07055991142988205,0.02124391868710518,0.9972810745239258,0,0,1.6753770112991333,0,1,0.9992332458496094,0.02490321546792984,0.03019585832953453,0,-0.030933190137147903,0.9751421809196472,0.21941079199314117,0,-0.023981230333447456,-0.22017668187618256,0.9751651883125305,0,0,1.8847999572753906,0,1,0.9991539716720581,0.030454879626631737,0.02762511931359768,0,-0.03241720050573349,0.9967598915100098,0.07361316680908203,0,-0.025293733924627304,-0.0744464248418808,0.9969039559364319,0,0,0.855912983417511,0.3470599949359894,1,-0.11915668845176697,0.01613980531692505,-0.9927446842193604,0,0.9317185878753662,-0.3436775505542755,-0.11741925776004791,0,-0.34307873249053955,-0.9389487504959106,0.025913622230291367,0,0.652642011642456,1.576030969619751,-0.03514900058507919,1,0.8990042209625244,0.2478858381509781,-0.36103153228759766,0,0.0691322535276413,0.7337225675582886,0.6759234070777893,0,0.43244895339012146,-0.6326171159744263,0.6424829959869385,0,0,1.451390027999878,0,1,-0.01937112957239151,0.9961361885070801,-0.0856538638472557,0,-0.9965701103210449,-0.026131365448236465,-0.0785219669342041,0,-0.08045683801174164,0.0838390439748764,0.9932260513305664,0,0,3.2703590393066406,0,1,0.9348173141479492,0.10224562883377075,0.34009161591529846,0,-0.09548260271549225,0.994757354259491,-0.03661014512181282,0,-0.3420521318912506,0.0017509659519419074,0.9396798610687256,0,0,2.8214590549468994,0,1,0.7351261973381042,0.5612428188323975,0.3802579343318939,0,-0.36480116844177246,0.8002669215202332,-0.47591158747673035,0,-0.5714101195335388,0.21113668382167816,0.7930397391319275,0,-0.3050509989261627,0.43549299240112305,0,1,0.9872994422912598,-0.13494256138801575,0.08384808897972107,0,0.09790140390396118,0.9324268102645874,0.34784412384033203,0,-0.12512119114398956,-0.3352174460887909,0.9337955713272095,0,-0.06800000369548798,0.4198940098285675,0,1,0.9850000739097595,0.17243564128875732,0.006441109348088503,0,-0.1724323332309723,0.9850209355354309,-0.0010627986630424857,0,-0.006527890916913748,-0.00006379878323059529,0.9999790191650391,0,-0.004792999941855669,0.4857949912548065,0,1,0.8142040967941284,0.5188841223716736,0.26044347882270813,0,-0.579651415348053,0.751865565776825,0.314169704914093,0,-0.03280080482363701,-0.4067648947238922,0.9129443168640137,0,0,0.9967560172080994,0,1,0.9655466675758362,0.2524271309375763,0.0632505789399147,0,-0.25803741812705994,0.8972067832946777,0.35838136076927185,0,0.033716313540935516,-0.36235466599464417,0.9314299821853638,0,0.060189999639987946,0.5512700080871582,0,1,0.9998880624771118,-0.014909063465893269,-0.0014493465423583984,0,0.014908935874700546,0.9998889565467834,-0.00009780959226191044,0,0.0014506434090435505,0.00007619039388373494,0.999998927116394,0,-0.026318000629544258,0.4993000030517578,0,1,0.01864633522927761,-0.000052870171202812344,0.9998259544372559,0,-0.9438655376434326,-0.32986098527908325,0.017585240304470062,0,0.3298027813434601,-0.9440296292304993,-0.0062005831860005856,0,-0.652642011642456,1.5792399644851685,-0.05662799999117851,1,0.9748321175575256,0.00298852426931262,0.2229192852973938,0,-0.18009977042675018,0.5999030470848083,0.7795387506484985,0,-0.13140025734901428,-0.8000669479370117,0.5853428244590759,0,0,1.451390027999878,0,1,0.05282123014330864,-0.9965094327926636,0.06463649868965149,0,0.9969814419746399,0.04893684387207031,-0.06027185544371605,0,0.056898411363363266,0.06762506812810898,0.9960870742797852,0,0,3.2765069007873535,0,1,0.9460371732711792,-0.3002881407737732,-0.1218196228146553,0,0.25312137603759766,0.9194765686988831,-0.3008190393447876,0,0.20234283804893494,0.2537510395050049,0.9458692073822021,0,0,2.8292040824890137,0,1,0.6727524995803833,-0.4746905267238617,-0.5675151944160461,0,0.6175903677940369,0.7826770544052124,0.07745361328125,0,0.4074145555496216,-0.40259891748428345,0.8197120428085327,0,0.32116401195526123,0.5079699754714966,0,1,0.9913398623466492,-0.02889881283044815,-0.12810057401657104,0,0.05343687906861305,0.9798431992530823,0.19248783588409424,0,0.11995580792427063,-0.19766615331172943,0.9729018211364746,0,0.08328499644994736,0.4735170006752014,0,1,0.9805968999862671,-0.19602727890014648,0.001925057265907526,0,0.1960267275571823,0.9805980324745178,0.0003940037568099797,0,-0.0019649427849799395,-0.000008996245924208779,0.9999979734420776,0,-0.002070999937132001,0.4775800108909607,0,1,0.7495810389518738,-0.6186932921409607,-0.23525959253311157,0,0.6221755743026733,0.5372803211212158,0.5694106221199036,0,-0.22588999569416046,-0.57319176197052,0.7876704335212708,0,0,1.0201549530029297,0,1,0.9775024056434631,-0.20612387359142303,-0.04474030062556267,0,0.20903275907039642,0.9183568358421326,0.3360450565814972,0,-0.02817934937775135,-0.33783701062202454,0.9407825469970703,0,-0.07540299743413925,0.5894140005111694,0,1,0.99850994348526,-0.05411519482731819,-0.006976010277867317,0,0.054118797183036804,0.9985340237617493,0.0003289780579507351,0,0.006947988644242287,-0.0007060219650156796,0.9999759793281555,0,0.0557279996573925,0.5480239987373352,0,1,-0.9879909753799438,-0.07724981009960175,0.13381445407867432,0,0.10597848147153854,-0.9690263867378235,0.22306020557880402,0,0.11243844032287598,0.23456308245658875,0.9655767679214478,0,1.022987961769104,-0.6898429989814758,-0.1812169998884201,1,0.9986371397972107,-0.05168050155043602,0.007315077818930149,0,0.043914634734392166,0.7561590671539307,-0.6529128551483154,0,0.028211481869220734,0.65234375,0.7573973536491394,0,0,5.231299877166748,0,1,0.9972245693206787,0.016621557995676994,0.07257509976625443,0,-0.07443143427371979,0.2466176301240921,0.966249942779541,0,-0.0018377247033640742,-0.9689704775810242,0.24717043340206146,0,0,4.76700496673584,0,1,0.9828709363937378,-0.00020888065046165138,0.18429507315158844,0,-0.10609887540340424,0.8170191049575806,0.5667658448219299,0,-0.1506909281015396,-0.5766110420227051,0.8030019998550415,0,0,1.9788390398025513,0,1,-0.9889308214187622,0.1326955109834671,-0.06638436019420624,0,-0.14313571155071259,-0.9710408449172974,0.19128811359405518,0,-0.03907887265086174,0.19867278635501862,0.9792863130569458,0,-1.022987961769104,-0.6898429989814758,-0.09872400015592575,1,0.998924970626831,0.042372845113277435,-0.018793851137161255,0,-0.04435105249285698,0.7557989358901978,-0.6532998085021973,0,-0.013477799482643604,0.6534310579299927,0.7568657994270325,0,0,5.234388828277588,0,1,0.9914582371711731,-0.05676492676138878,0.11742312461137772,0,-0.1030869409441948,0.21045979857444763,0.9721521139144897,0,-0.07989702373743057,-0.9759533405303955,0.20281045138835907,0,0,4.769873142242432,0,1,0.9820640087127686,0.00007282691512955353,-0.18854962289333344,0,0.10989075899124146,0.8123795390129089,0.5726817846298218,0,0.15321549773216248,-0.5831297039985657,0.7978004217147827,0,0,1.9828089475631714,0,1
