1.033,30,32,41
B0,mixamorig_Hips,-1,0.7438557147979736,-0.06062576174736023,0.6655853390693665,0,-0.11381243169307709,0.9698406457901001,0.21553561091423035,0,-0.6585788130760193,-0.23607932031154633,0.7145216464996338,0,1.9117592573165894,10.24571704864502,-0.1581588238477707,1
B1,mixamorig_Spine,0,0.9984056353569031,-0.045984238386154175,0.03273552656173706,0,0.04511847719550133,0.9986240863800049,0.02671177126467228,0,-0.033918824046850204,-0.025192217901349068,0.9991071820259094,0,0,1.2427419424057007,-0.1856590062379837,1
B2,mixamorig_Spine1,1,0.9950032830238342,-0.08056247979402542,0.058973729610443115,0,0.05650174990296364,0.941352367401123,0.3326607644557953,0,-0.08231503516435623,-0.3276664614677429,0.9412006139755249,0,0,1.4659559726715088,0,1
B3,mixamorig_Spine2,2,0.9949073791503906,-0.08147522807121277,0.05933471396565437,0,0.05726698413491249,0.9413884282112122,0.33242759108543396,0,-0.08294165134429932,-0.3273368179798126,0.9412603974342346,0,0,1.6753770112991333,0,1
B4,mixamorig_Neck,3,0.9924758076667786,0.09243214130401611,-0.08030574768781662,0,-0.07611560076475143,0.9794675707817078,0.18667897582054138,0,0.09591202437877655,-0.17916187644004822,0.9791334867477417,0,0,1.8847999572753906,0,1
B5,mixamorig_Head,4,0.8076727390289307,-0.4228747487068176,-0.4109026789665222,0,0.06399454921483994,0.7556331753730774,-0.651861310005188,0,0.5861478447914124,0.5001954436302185,0.6373664736747742,0,0,0.855912983417511,0.3470599949359894,1
B6,mixamorig_HeadTop_End,5,1,0,0,0,0,1,0,0,0,0,1,0,0,2.8392999172210693,1.1512919664382935,1
B7,mixamorig_LeftShoulder,3,0.030554767698049545,0.0002447431324981153,-0.9995334148406982,0,0.9821168184280396,-0.18586860597133636,0.02997681498527527,0,-0.185774564743042,-0.982574462890625,-0.005919499322772026,0,0.652642011642456,1.576030969619751,-0.03514900058507919,1
B8,mixamorig_LeftArm,7,0.9070535898208618,0.17919769883155823,0.3809743821620941,0,-0.2535873353481293,0.9548755288124084,0.15461879968643188,0,-0.33607569336891174,-0.23685777187347412,0.911565363407135,0,0,1.451390027999878,0,1
B9,mixamorig_LeftForeArm,8,0.22123557329177856,0.9729289412498474,0.06681594252586365,0,-0.9563523530960083,0.22985723614692688,-0.1804296374320984,0,-0.19090338051319122,-0.02398213930428028,0.9813156723976135,0,0,3.2703590393066406,0,1
B10,mixamorig_LeftHand,9,0.7183874845504761,-0.08570169657468796,-0.6903438568115234,0,-0.06506887078285217,0.979753315448761,-0.18934215605258942,0,0.6925930976867676,0.18094079196453094,0.6982654929161072,0,0,2.8214590549468994,0,1
B11,mixamorig_LeftHandThumb1,10,0.8970020413398743,0.4391380250453949,0.05045152083039284,0,-0.40488603711128235,0.8620589375495911,-0.30483219027519226,0,-0.17735548317432404,0.25300782918930054,0.9510689377784729,0,-0.3050509989261627,0.43549299240112305,0,1
B12,mixamorig_LeftHandThumb2,11,0.9990260601043701,0.04066760465502739,0.01709556393325329,0,-0.042343396693468094,0.9926930665969849,0.11299454420804977,0,-0.012375437654554844,-0.1136084496974945,0.9934489130973816,0,-0.06800000369548798,0.4198940098285675,0,1
B13,mixamorig_LeftHandThumb3,12,0.9925180077552795,0.12202199548482895,0.004393602255731821,0,-0.121940016746521,0.9924139976501465,-0.015629347413778305,0,-0.006267395336180925,0.014976650476455688,0.9998679757118225,0,-0.004792999941855669,0.4857949912548065,0,1
B14,mixamorig_LeftHandThumb4,13,1,0,0,0,0,1,0,0,0,0,1,0,0.07279200106859207,0.44150298833847046,0,1
B15,mixamorig_LeftHandIndex1,10,0.9825169444084167,0.18314820528030396,-0.03343094885349274,0,-0.1795778125524521,0.9796760678291321,0.08936797082424164,0,0.04911905154585838,-0.08180203288793564,0.9954370260238647,0,0,0.9967560172080994,0,1
B16,mixamorig_LeftHandIndex2,15,0.9963099956512451,-0.08574066311120987,0.003988261800259352,0,0.08512533456087112,0.9929799437522888,0.08212529122829437,0,-0.011001735925674438,-0.08148270845413208,0.9966140389442444,0,0.060189999639987946,0.5512700080871582,0,1
B17,mixamorig_LeftHandIndex3,16,0.9981439709663391,0.06076497212052345,-0.00389411230571568,0,-0.06024101749062538,0.9947999715805054,0.08211997151374817,0,0.008863887749612331,-0.08173303306102753,0.996614933013916,0,-0.026318000629544258,0.4993000030517578,0,1
B18,mixamorig_LeftHandIndex4,17,1,0,0,0,0,1,0,0,0,0,1,0,-0.033872999250888824,0.5011600255966187,0,1
B19,mixamorig_RightShoulder,3,-0.11189978569746017,-0.002349397400394082,0.9937170743942261,0,-0.942744255065918,-0.3159172236919403,-0.10690677911043167,0,0.3141835927963257,-0.9487841725349426,0.03313618153333664,0,-0.652642011642456,1.5792399644851685,-0.05662799999117851,1
B20,mixamorig_RightArm,19,0.9588561654090881,-0.20685812830924988,0.1944359987974167,0,0.04497077688574791,0.7869160771369934,0.6154184341430664,0,-0.2803092300891876,-0.5813539624214172,0.7638422846794128,0,0,1.451390027999878,0,1
B21,mixamorig_RightForeArm,20,0.4178372323513031,-0.9048763513565063,-0.08131126314401627,0,0.8953015208244324,0.42531707882881165,-0.132442906498909,0,0.15442751348018646,-0.017458507791161537,0.9878503680229187,0,0,3.2765069007873535,0,1
B22,mixamorig_RightHand,21,0.7362794280052185,0.030226385220885277,0.6760023236274719,0,0.05192112177610397,0.9935333132743835,-0.10097505897283554,0,-0.6746827960014343,0.10944463312625885,0.7299486398696899,0,0,2.8292040824890137,0,1
B23,mixamorig_RightHandThumb1,22,0.9205871224403381,-0.3885667324066162,0.03916913643479347,0,0.36184224486351013,0.8109140396118164,-0.45987966656684875,0,0.14693112671375275,0.43753230571746826,0.8871168494224548,0,0.32116401195526123,0.5079699754714966,0,1
B24,mixamorig_RightHandThumb2,23,0.9973069429397583,-0.0716533288359642,-0.015656210482120514,0,0.0731186643242836,0.9880430698394775,0.13573993742465973,0,0.005742788780480623,-0.13651907444000244,0.9906209111213684,0,0.08328499644994736,0.4735170006752014,0,1
B25,mixamorig_RightHandThumb3,24,0.985427975654602,-0.16989004611968994,0.008277874439954758,0,0.17007194459438324,0.9848859906196594,-0.032777898013591766,0,-0.002584125380963087,0.03370809927582741,0.9994279742240906,0,-0.002070999937132001,0.4775800108909607,0,1
B26,mixamorig_RightHandThumb4,25,1,0,0,0,0,1,0,0,0,0,1,0,-0.08121500164270401,0.3971160054206848,0,1
B27,mixamorig_RightHandIndex1,22,0.9743980169296265,-0.21934494376182556,0.04935900866985321,0,0.21362406015396118,0.9716910123825073,0.10090634226799011,0,-0.0700949877500534,-0.08777865767478943,0.9936710000038147,0,0,1.0201549530029297,0,1
B28,mixamorig_RightHandIndex2,27,0.9910159707069397,0.13374102115631104,0.000017608856069273315,0,-0.13322100043296814,0.987151026725769,0.08823013305664062,0,0.011782610788941383,-0.08743986487388611,0.9961000084877014,0,-0.07540299743413925,0.5894140005111694,0,1
B29,mixamorig_RightHandIndex3,28,0.9890879988670349,-0.14716199040412903,-0.006943324115127325,0,0.1471950113773346,0.9851269721984863,0.08865321427583694,0,-0.006206324324011803,-0.08870778232812881,0.9960380792617798,0,0.0557279996573925,0.5480239987373352,0,1
B30,mixamorig_RightHandIndex4,29,1,0,0,0,0,1,0,0,0,0,1,0,0.019675999879837036,0.41751301288604736,0,1
B31,mixamorig_LeftUpLeg,0,-0.9641086459159851,0.25193318724632263,0.08381509780883789,0,-0.1442737728357315,-0.7620990872383118,0.6311807632446289,0,0.22289074957370758,0.5964343547821045,0.7710936069488525,0,1.022987961769104,-0.6898429989814758,-0.1812169998884201,1
B32,mixamorig_LeftLeg,31,0.9882677793502808,0.13319897651672363,0.07472770661115646,0,0.024467427283525467,0.34488654136657715,-0.9383255839347839,0,-0.1507565826177597,0.929145336151123,0.33758124709129333,0,0,5.231299877166748,0,1
B33,mixamorig_LeftFoot,32,0.9915421605110168,-0.0015085585182532668,0.12977907061576843,0,-0.12947909533977509,0.05742868408560753,0.9899176955223083,0,-0.008946378715336323,-0.9983484148979187,0.056747615337371826,0,0,4.76700496673584,0,1
B34,mixamorig_LeftToeBase,33,0.981095552444458,-0.018078578636050224,0.1926790028810501,0,-0.11444444209337234,0.7486770749092102,0.652982234954834,0,-0.15605929493904114,-0.6626887321472168,0.7324545383453369,0,0,1.9788390398025513,0,1
B35,mixamorig_LeftToe_End,34,1,0,0,0,0,1,0,0,0,0,1,0,0,0.7514830231666565,0,1
B36,mixamorig_RightUpLeg,0,-0.9553353786468506,-0.2785045802593231,0.0988389402627945,0,0.21999774873256683,-0.44691598415374756,0.8671025037765503,0,-0.1973193734884262,0.8501183390617371,0.48822513222694397,0,-1.022987961769104,-0.6898429989814758,-0.09872400015592575,1
B37,mixamorig_RightLeg,36,0.9867388010025024,-0.0859377384185791,-0.13770140707492828,0,-0.01841837540268898,0.7835871577262878,-0.621009111404419,0,0.16126909852027893,0.6153097152709961,0.7716126441955566,0,0,5.234388828277588,0,1
B38,mixamorig_RightFoot,37,0.8615709543228149,0.37508460879325867,-0.342061847448349,0,-0.07512291520833969,0.7606210708618164,0.6448351740837097,0,0.5020474195480347,-0.5298748016357422,0.6835067868232727,0,0,4.769873142242432,0,1
B39,mixamorig_RightToeBase,38,0.9887649416923523,-0.010885030962526798,-0.1490797996520996,0,0.11791184544563293,0.6697769165039062,0.733141303062439,0,0.09186995774507523,-0.7424827814102173,0.6635355353355408,0,0,1.9828089475631714,0,1
B40,mixamorig_RightToe_End,39,1,0,0,0,0,1,0,0,0,0,1,0,0,0.7492420077323914,0,1
@34,0,1,2,3,4,5,7,8,9,10,11,12,13,15,16,17,19,20,21,22,23,24,25,27,28,29,31,32,33,34,36,37,38,39
K0.000,0.7550730109214783,-0.11009399592876434,0.6463319063186646,0,-0.13801200687885284,0.9370239973068237,0.32084110379219055,0,-0.6409509778022766,-0.3314599096775055,0.6923269629478455,0,1.6314239501953125,10.298551559448242,-0.11588799953460693,1,0.9995689988136292,0.01865217462182045,0.02267593890428543,0,-0.01890682615339756,0.9997599720954895,0.011068019084632397,0,-0.02246405929327011,-0.011491981334984303,0.9996819496154785,0,0,1.2427419424057007,-0.1856590062379837,1,0.9956629872322083,-0.06298976391553879,0.06846118718385696,0,0.03957122564315796,0.9527660012245178,0.30111804604530334,0,-0.08419481664896011,-0.2971028983592987,0.9511260390281677,0,0,1.4659559726715088,0,1,0.9956979751586914,-0.0636371299624443,0.06734602153301239,0,0.040512874722480774,0.9526861310005188,0.3012446463108063,0,-0.08332996815443039,-0.2972203195095062,0.9511658549308777,0,0,1.6753770112991333,0,1,0.9945370554924011,0.0560397244989872,-0.08806273341178894,0,-0.0392172746360302,0.9824609756469727,0.1822996884584427,0,0.09673426300287247,-0.17785029113292694,0.9792919754981995,0,0,1.8847999572753906,0,1,0.8173329830169678,-0.4114457666873932,-0.4033341705799103,0,0.06956824660301208,0.7653849720954895,-0.6398020386695862,0,0.57194983959198,0.49487215280532837,0.6541981101036072,0,0,0.855912983417511,0.3470599949359894,1,0.008053983561694622,0.001442978624254465,-0.9999670386314392,0,0.9696339964866638,-0.24444909393787384,0.007456976454705,0,-0.24442996084690094,-0.9696610569953918,-0.0033680088818073273,0,0.652642011642456,1.576030969619751,-0.03514900058507919,1,0.880794882774353,0.33451318740844727,0.3351142108440399,0,-0.3872587978839874,0.9161620736122131,0.10332976281642914,0,-0.27245378494262695,-0.22078824043273926,0.936493992805481,0,0,1.451390027999878,0,1,0.2939677834510803,0.953264057636261,0.06978892534971237,0,-0.9382699728012085,0.3017270267009735,-0.16914397478103638,0,-0.18229606747627258,-0.01575797237455845,0.9831169843673706,0,0,3.2703590393066406,0,1,0.6310939788818359,-0.01518796943128109,-0.7755580544471741,0,-0.10092596709728241,0.9897019863128662,-0.10150797665119171,0,0.7691130042076111,0.14233499765396118,0.6230619549751282,0,0,2.8214590549468994,0,1,0.8970022201538086,0.43913763761520386,0.05045206472277641,0,-0.4048853814601898,0.8620588183403015,-0.30483219027519226,0,-0.17735594511032104,0.25300782918930054,0.9510690569877625,0,-0.3050509989261627,0.43549299240112305,0,1,0.9990260004997253,0.040667083114385605,0.01709602400660515,0,-0.04234291613101959,0.9926930069923401,0.11299403011798859,0,-0.012375975959002972,-0.11360795795917511,0.9934489130973816,0,-0.06800000369548798,0.4198940098285675,0,1,0.9925180673599243,0.12202199548482895,0.0043931035324931145,0,-0.12194002419710159,0.9924139976501465,-0.015629315748810768,0,-0.006266896612942219,0.01497668121010065,0.9998679757118225,0,-0.004792999941855669,0.4857949912548065,0,1,0.9825170636177063,0.18314769864082336,-0.03343097120523453,0,-0.1795772761106491,0.9796759486198425,0.08936794847249985,0,0.04911902919411659,-0.08180204778909683,0.9954370260238647,0,0,0.9967560172080994,0,1,0.9963089823722839,-0.08574110269546509,0.0039877393282949924,0,0.08512590080499649,0.9929800033569336,0.08212527632713318,0,-0.01100126001983881,-0.08148271590471268,0.9966139793395996,0,0.060189999639987946,0.5512700080871582,0,1,0.9981439709663391,0.06076497212052345,-0.00389411230571568,0,-0.06024101749062538,0.9947999715805054,0.08211997151374817,0,0.008863887749612331,-0.08173303306102753,0.996614933013916,0,-0.026318000629544258,0.4993000030517578,0,1,-0.10185057669878006,-0.00202508014626801,0.9947980046272278,0,-0.945020854473114,-0.31216931343078613,-0.09738970547914505,0,0.31074264645576477,-0.9500241875648499,0.02988087385892868,0,-0.652642011642456,1.5792399644851685,-0.05662799999117851,1,0.9702339172363281,-0.21835102140903473,0.10472837090492249,0,0.09605199098587036,0.743971049785614,0.6612719297409058,0,-0.22230461239814758,-0.6315300464630127,0.7428000569343567,0,0,1.451390027999878,0,1,0.5123386979103088,-0.8550371527671814,-0.08012796938419342,0,0.8470647931098938,0.51850426197052,-0.11676721274852753,0,0.14138704538345337,-0.00804921891540289,0.989922046661377,0,0,3.2765069007873535,0,1,0.5885469317436218,-0.03131711483001709,0.8078560829162598,0,0.11806987971067429,0.9918649792671204,-0.047567032277584076,0,-0.7997949123382568,0.12337896227836609,0.587457001209259,0,0,2.8292040824890137,0,1,0.9205870628356934,-0.3885669410228729,0.039168570190668106,0,0.3618420958518982,0.8109138607978821,-0.45987915992736816,0,0.14693157374858856,0.43753185868263245,0.8871171474456787,0,0.32116401195526123,0.5079699754714966,0,1,0.9973070621490479,-0.0716538354754448,-0.01565624587237835,0,0.0731191635131836,0.9880430102348328,0.13573992252349854,0,0.005742753855884075,-0.13651907444000244,0.9906209111213684,0,0.08328499644994736,0.4735170006752014,0,1,0.985427975654602,-0.16989004611968994,0.008277874439954758,0,0.17007194459438324,0.9848859906196594,-0.032777898013591766,0,-0.002584125380963087,0.03370809927582741,0.9994279742240906,0,-0.002070999937132001,0.4775800108909607,0,1,0.9743980169296265,-0.21934494376182556,0.04935900866985321,0,0.21362406015396118,0.9716910123825073,0.10090634226799011,0,-0.0700949877500534,-0.08777865767478943,0.9936710000038147,0,0,1.0201549530029297,0,1,0.9910159707069397,0.13374103605747223,0.00001711034565232694,0,-0.13322097063064575,0.987151026725769,0.08823017030954361,0,0.011783109046518803,-0.08743982762098312,0.9961000084877014,0,-0.07540299743413925,0.5894140005111694,0,1,0.9890879988670349,-0.14716199040412903,-0.006943324115127325,0,0.1471950113773346,0.9851269721984863,0.08865321427583694,0,-0.006206324324011803,-0.08870778232812881,0.9960380792617798,0,0.0557279996573925,0.5480239987373352,0,1,-0.98739093542099,-0.11944293230772018,0.1038859561085701,0,0.14283007383346558,-0.38925907015800476,0.9099869728088379,0,-0.06825296580791473,0.9133509993553162,0.4014109969139099,0,1.022987961769104,-0.6898429989814758,-0.1812169998884201,1,0.9894280433654785,0.14498208463191986,0.0035859677009284496,0,0.020339079201221466,-0.11423696577548981,-0.993245005607605,0,-0.14359301328659058,0.9828169941902161,-0.11597800999879837,0,0,5.231299877166748,0,1,0.9978569746017456,-0.012459334917366505,0.06422790884971619,0,-0.056263331323862076,0.33759766817092896,0.9396071434020996,0,-0.03339008614420891,-0.9412078261375427,0.3361733853816986,0,0,4.76700496673584,0,1,0.9827679991722107,-2.43176231151665e-7,0.1848459392786026,0,-0.10650123655796051,0.8173350691795349,0.566234827041626,0,-0.15108104050159454,-0.5761631727218628,0.8032498955726624,0,0,1.9788390398025513,0,1,-0.9851160645484924,-0.15815873444080353,0.06731679290533066,0,0.14208626747131348,-0.528873860836029,0.8367220759391785,0,-0.09673278033733368,0.8338329195976257,0.5434741377830505,0,-1.022987961769104,-0.6898429989814758,-0.09872400015592575,1,0.9869750738143921,-0.134435772895813,-0.08836401998996735,0,-0.021254772320389748,0.4354853630065918,-0.8999448418617249,0,0.15946601331233978,0.8901011347770691,0.4269557297229767,0,0,5.234388828277588,0,1,0.9674609899520874,0.03773872181773186,-0.2501899003982544,0,0.2394397258758545,0.18304157257080078,0.9535011053085327,0,0.0817791000008583,-0.9823809266090393,0.16804949939250946,0,0,4.769873142242432,0,1,0.9823619723320007,0.0007159863598644733,-0.18698686361312866,0,0.10761198401451111,0.8156300783157349,0.5684778690338135,0,0.15291914343833923,-0.5785731077194214,0.8011669516563416,0,0,1.9828089475631714,0,1
K0.033,0.7330198884010315,-0.0866788923740387,0.6746622323989868,0,-0.17661426961421967,0.9335770010948181,0.3118348717689514,0,-0.6568784117698669,-0.34773603081703186,0.6690216064453125,0,1.6604294776916504,10.494434356689453,-0.16438166797161102,1,0.9997900128364563,0.006409920752048492,0.01944509707391262,0,-0.006533846724778414,0.9999589323997498,0.006316106300801039,0,-0.019403817132115364,-0.006441832520067692,0.9997909665107727,0,0,1.2427419424057007,-0.1856590062379837,1,0.9955140352249146,-0.0767621248960495,0.055318694561719894,0,0.05713612586259842,0.9537249803543091,0.29520106315612793,0,-0.07541903853416443,-0.2907159626483917,0.9538319706916809,0,0,1.4659559726715088,0,1,0.9955669641494751,-0.07707405090332031,0.053913574665784836,0,0.05783317983150482,0.9536349177360535,0.2953560948371887,0,-0.07417816668748856,-0.29092881083488464,0.9538650512695312,0,0,1.6753770112991333,0,1,0.9946019649505615,0.055306848138570786,-0.08779823035001755,0,-0.03824013099074364,0.9819278717041016,0.18535251915454865,0,0.09646277129650116,-0.18099452555179596,0.9787421226501465,0,0,1.8847999572753906,0,1,0.8192210793495178,-0.40658292174339294,-0.40443313121795654,0,0.06771105527877808,0.7688738703727722,-0.6358051300048828,0,0.5694659352302551,0.4934806823730469,0.6574082374572754,0,0,0.855912983417511,0.3470599949359894,1,0.0034365179017186165,0.0018549351952970028,-0.9999920725822449,0,0.9665771126747131,-0.2563628554344177,0.002846185816451907,0,-0.2563554346561432,-0.9665789008140564,-0.002673984970897436,0,0.652642011642456,1.576030969619751,-0.03514900058507919,1,0.8921541571617126,0.30904945731163025,0.32946792244911194,0,-0.35643285512924194,0.9296690225601196,0.09311793744564056,0,-0.2775181829929352,-0.20050883293151855,0.9395639300346375,0,0,1.451390027999878,0,1,0.27744176983833313,0.9582480788230896,0.0691853016614914,0,-0.9428949952125549,0.2853967845439911,-0.1717483252286911,0,-0.18432271480560303,-0.017584312707185745,0.9827080368995667,0,0,3.2703590393066406,0,1,0.6387721300125122,-0.01434337068349123,-0.7692629098892212,0,-0.09867022186517715,0.9900429844856262,-0.100392647087574,0,0.7630428075790405,0.14003126323223114,0.6309961676597595,0,0,2.8214590549468994,0,1,0.8970019221305847,0.439138263463974,0.05045195296406746,0,-0.40488573908805847,0.8620580434799194,-0.3048321306705475,0,-0.1773560643196106,0.2530078589916229,0.9510690569877625,0,-0.3050509989261627,0.43549299240112305,0,1,0.9990260004997253,0.040667109191417694,0.017095522955060005,0,-0.0423428900539875,0.9926930069923401,0.11299403756856918,0,-0.012375475838780403,-0.11360795050859451,0.9934489130973816,0,-0.06800000369548798,0.4198940098285675,0,1,0.9925180673599243,0.12202199548482895,0.0043931338004767895,0,-0.12194002419710159,0.9924139976501465,-0.015628816559910774,0,-0.006266866344958544,0.014976181089878082,0.9998679757118225,0,-0.004792999941855669,0.4857949912548065,0,1,0.9825169444084167,0.18314820528030396,-0.03343094885349274,0,-0.1795778125524521,0.9796760678291321,0.08936797082424164,0,0.04911905154585838,-0.08180203288793564,0.9954370260238647,0,0,0.9967560172080994,0,1,0.9963089823722839,-0.08574160188436508,0.003987697418779135,0,0.08512640744447708,0.9929800033569336,0.08212578296661377,0,-0.011001300998032093,-0.08148320764303207,0.9966139197349548,0,0.060189999639987946,0.5512700080871582,0,1,0.9981439709663391,0.06076597794890404,-0.0038940715603530407,0,-0.060242023319005966,0.9947999715805054,0.08211997151374817,0,0.008863928727805614,-0.08173301815986633,0.996614933013916,0,-0.026318000629544258,0.4993000030517578,0,1,-0.10100562870502472,-0.0020000131335109472,0.9948841333389282,0,-0.9451940059661865,-0.3118973970413208,-0.09658778458833694,0,0.3104948103427887,-0.9501141905784607,0.029612895101308823,0,-0.652642011642456,1.5792399644851685,-0.05662799999117851,1,0.9633098840713501,-0.2510134279727936,0.09500707685947418,0,0.1284211128950119,0.7419180870056152,0.6580778956413269,0,-0.23567381501197815,-0.6217318773269653,0.7469322681427002,0,0,1.451390027999878,0,1,0.48815488815307617,-0.8690270185470581,-0.08060009032487869,0,0.8606452345848083,0.49465543031692505,-0.12085308879613876,0,0.14489394426345825,-0.01037306897342205,0.9893930554389954,0,0,3.2765069007873535,0,1,0.5839171409606934,-0.02421371079981327,0.8114519119262695,0,0.11486101895570755,0.9919639825820923,-0.05305328965187073,0,-0.8036468625068665,0.12418297678232193,0.5820062756538391,0,0,2.8292040824890137,0,1,0.9205870628356934,-0.3885679244995117,0.039168793708086014,0,0.3618430495262146,0.8109137415885925,-0.4598792493343353,0,0.14693179726600647,0.4375317692756653,0.8871171474456787,0,0.32116401195526123,0.5079699754714966,0,1,0.9973070621490479,-0.0716538354754448,-0.01565624587237835,0,0.0731191635131836,0.9880430102348328,0.13573992252349854,0,0.005742753855884075,-0.13651907444000244,0.9906209111213684,0,0.08328499644994736,0.4735170006752014,0,1,0.985427975654602,-0.16989004611968994,0.008277874439954758,0,0.17007194459438324,0.9848859906196594,-0.032777898013591766,0,-0.002584125380963087,0.03370809927582741,0.9994279742240906,0,-0.002070999937132001,0.4775800108909607,0,1,0.9743980169296265,-0.21934494376182556,0.04935900866985321,0,0.21362406015396118,0.9716910123825073,0.10090634226799011,0,-0.0700949877500534,-0.08777865767478943,0.9936710000038147,0,0,1.0201549530029297,0,1,0.9910159707069397,0.13374103605747223,0.00001711034565232694,0,-0.13322097063064575,0.987151026725769,0.08823017030954361,0,0.011783109046518803,-0.08743982762098312,0.9961000084877014,0,-0.07540299743413925,0.5894140005111694,0,1,0.9890879988670349,-0.14716199040412903,-0.006943324115127325,0,0.1471950113773346,0.9851269721984863,0.08865321427583694,0,-0.006206324324011803,-0.08870778232812881,0.9960380792617798,0,0.0557279996573925,0.5480239987373352,0,1,-0.9816609025001526,-0.14733827114105225,0.12097018212080002,0,0.16782842576503754,-0.36695021390914917,0.9149758219718933,0,-0.09042089432477951,0.9184979200363159,0.38494807481765747,0,1.022987961769104,-0.6898429989814758,-0.1812169998884201,1,0.9871780276298523,0.15596497058868408,0.03397462144494057,0,0.021808044984936714,0.07906730473041534,-0.996630847454071,0,-0.15812577307224274,0.984592854976654,0.07465220242738724,0,0,5.231299877166748,0,1,0.9949880242347717,0.055099256336688995,0.08343902230262756,0,-0.09626553952693939,0.30223172903060913,0.9483609795570374,0,0.027036087587475777,-0.9516409039497375,0.3060213625431061,0,0,4.76700496673584,0,1,0.9827679991722107,-2.43176231151665e-7,0.1848459392786026,0,-0.10650123655796051,0.8173350691795349,0.566234827041626,0,-0.15108104050159454,-0.5761631727218628,0.8032498955726624,0,0,1.9788390398025513,0,1,-0.993319034576416,-0.10401247441768646,0.049977563321590424,0,0.10021470487117767,-0.5628083944320679,0.820489764213562,0,-0.05721340328454971,0.8200169801712036,0.569472074508667,0,-1.022987961769104,-0.6898429989814758,-0.09872400015592575,1,0.9867819547653198,-0.13184505701065063,-0.0942242369055748,0,-0.02227804623544216,0.465550035238266,-0.884740948677063,0,0.16051486134529114,0.8751457929611206,0.45645925402641296,0,0,5.234388828277588,0,1,0.9741170406341553,0.012546870857477188,-0.22569788992404938,0,0.2194458246231079,0.187027245759964,0.9575300812721252,0,0.05422568693757057,-0.982275128364563,0.17943312227725983,0,0,4.769873142242432,0,1,0.982308030128479,0.001292765256948769,-0.18726983666419983,0,0.10786276310682297,0.8135510087013245,0.571401059627533,0,0.1530921906232834,-0.5814911127090454,0.7990179061889648,0,0,1.9828089475631714,0,1
K0.067,0.7055602669715881,-0.07277534902095795,0.7049036622047424,0,-0.20136196911334991,0.9331218600273132,0.2978864908218384,0,-0.6794397830963135,-0.3521176278591156,0.643719494342804,0,1.7041155099868774,10.624964714050293,-0.23131932318210602,1,0.9998700022697449,-0.005156544037163258,0.01529894582927227,0,0.005105225834995508,0.9999809861183167,0.0033913033548742533,0,-0.015316137112677097,-0.003312756773084402,0.9998769760131836,0,0,1.2427419424057007,-0.1856590062379837,1,0.9954160451889038,-0.08676920086145401,0.0402340330183506,0,0.0713125616312027,0.9536520838737488,0.2923387289047241,0,-0.0637352392077446,-0.2881293296813965,0.9554678797721863,0,0,1.4659559726715088,0,1,0.9954720139503479,-0.08680680394172668,0.038719188421964645,0,0.07177694886922836,0.9535729289054871,0.29248207807540894,0,-0.0623110756278038,-0.28837892413139343,0.9554870128631592,0,0,1.6753770112991333,0,1,0.9946709871292114,0.0542757622897625,-0.08765733242034912,0,-0.037165265530347824,0.9818099737167358,0.18619398772716522,0,0.09616866707801819,-0.18194395303726196,0.9785950183868408,0,0,1.8847999572753906,0,1,0.8200509548187256,-0.4019870162010193,-0.4073359966278076,0,0.07037299871444702,0.7771940231323242,-0.6253129839897156,0,0.5679469704627991,0.48412320017814636,0.6656278967857361,0,0,0.855912983417511,0.3470599949359894,1,-0.0014112709322944283,0.0022548933047801256,-0.9999959468841553,0,0.9636879563331604,-0.26702192425727844,-0.0019621863029897213,0,-0.2670256495475769,-0.96368807554245,-0.0017961133271455765,0,0.652642011642456,1.576030969619751,-0.03514900058507919,1,0.9014429450035095,0.2773825228214264,0.3323545753955841,0,-0.3221670687198639,0.942671000957489,0.08705992251634598,0,-0.28915220499038696,-0.18555331230163574,0.9391279220581055,0,0,1.451390027999878,0,1,0.2576453387737274,0.963814914226532,0.06840498000383377,0,-0.948032021522522,0.2658350169658661,-0.174837127327919,0,-0.18669497966766357,-0.019804131239652634,0.9822180271148682,0,0,3.2703590393066406,0,1,0.6561216115951538,-0.018167385831475258,-0.7544363737106323,0,-0.08747953921556473,0.9911399483680725,-0.09994697570800781,0,0.7495678663253784,0.13157512247562408,0.6487191319465637,0,0,2.8214590549468994,0,1,0.8970022201538086,0.43913763761520386,0.05045206472277641,0,-0.4048853814601898,0.8620588183403015,-0.30483219027519226,0,-0.17735594511032104,0.25300782918930054,0.9510690569877625,0,-0.3050509989261627,0.43549299240112305,0,1,0.9990260004997253,0.04066707566380501,0.01709604263305664,0,-0.04234292730689049,0.9926930069923401,0.11299502849578857,0,-0.01237595546990633,-0.1136089637875557,0.9934489130973816,0,-0.06800000369548798,0.4198940098285675,0,1,0.9925180673599243,0.12202199548482895,0.004393072798848152,0,-0.121940016746521,0.9924139976501465,-0.01562981680035591,0,-0.006266927346587181,0.01497718133032322,0.9998679757118225,0,-0.004792999941855669,0.4857949912548065,0,1,0.9825169444084167,0.18314820528030396,-0.03343094885349274,0,-0.1795778125524521,0.9796760678291321,0.08936797082424164,0,0.04911905154585838,-0.08180203288793564,0.9954370260238647,0,0,0.9967560172080994,0,1,0.9963089823722839,-0.08574112504720688,0.003988239448517561,0,0.0851258784532547,0.9929800033569336,0.08212529867887497,0,-0.011001761071383953,-0.08148270100355148,0.9966140389442444,0,0.060189999639987946,0.5512700080871582,0,1,0.9981439709663391,0.06076597794890404,-0.0038940715603530407,0,-0.060242023319005966,0.9947999715805054,0.08211997151374817,0,0.008863928727805614,-0.08173301815986633,0.996614933013916,0,-0.026318000629544258,0.4993000030517578,0,1,-0.0995168685913086,-0.0018125141505151987,0.9950339794158936,0,-0.9457886815071106,-0.3105298578739166,-0.09515729546546936,0,0.3091603219509125,-0.9505619406700134,0.02918868511915207,0,-0.652642011642456,1.5792399644851685,-0.05662799999117851,1,0.9586180448532104,-0.27336183190345764,0.07952968776226044,0,0.15820764005184174,0.7437491416931152,0.6494669914245605,0,-0.2366894632577896,-0.610008180141449,0.7562187910079956,0,0,1.451390027999878,0,1,0.4549623727798462,-0.8868138790130615,-0.08105397969484329,0,0.8778699040412903,0.46192437410354614,-0.1263749748468399,0,0.14951199293136597,-0.013658993877470493,0.9886660575866699,0,0,3.2765069007873535,0,1,0.6034188270568848,-0.005851164925843477,0.79740309715271,0,0.10662809759378433,0.9915850758552551,-0.07341264933347702,0,-0.7902631163597107,0.12932410836219788,0.5989648103713989,0,0,2.8292040824890137,0,1,0.9205880165100098,-0.3885670006275177,0.03916903957724571,0,0.36184200644493103,0.8109139800071716,-0.459879070520401,0,0.14693103730678558,0.4375319182872772,0.8871170878410339,0,0.32116401195526123,0.5079699754714966,0,1,0.9973070621490479,-0.07165384292602539,-0.015656229108572006,0,0.073119156062603,0.988042950630188,0.13573941588401794,0,0.0057427710853517056,-0.13651858270168304,0.9906209707260132,0,0.08328499644994736,0.4735170006752014,0,1,0.985427975654602,-0.16989004611968994,0.00827737431973219,0,0.17007194459438324,0.9848859906196594,-0.03277794271707535,0,-0.0025836252607405186,0.033708054572343826,0.9994279742240906,0,-0.002070999937132001,0.4775800108909607,0,1,0.9743980169296265,-0.21934495866298676,0.04935896024107933,0,0.21362407505512238,0.9716910719871521,0.1009068489074707,0,-0.07009504735469818,-0.08777915686368942,0.9936709403991699,0,0,1.0201549530029297,0,1,0.9910159111022949,0.13374200463294983,0.00001765308297763113,0,-0.13322198390960693,0.987151026725769,0.08823014795780182,0,0.011782651767134666,-0.08743984997272491,0.9961000084877014,0,-0.07540299743413925,0.5894140005111694,0,1,0.9890879988670349,-0.14716199040412903,-0.006943324115127325,0,0.1471950113773346,0.9851269721984863,0.08865321427583694,0,-0.006206324324011803,-0.08870778232812881,0.9960380792617798,0,0.0557279996573925,0.5480239987373352,0,1,-0.9722790718078613,-0.17352327704429626,0.15672555565834045,0,0.2122720628976822,-0.3739703297615051,0.9028211236000061,0,-0.0980498343706131,0.9110631346702576,0.4004378914833069,0,1.022987961769104,-0.6898429989814758,-0.1812169998884201,1,0.9867439866065979,0.1462540328502655,0.07033368945121765,0,0.022568868473172188,0.3055121898651123,-0.9519205689430237,0,-0.1607099324464798,0.9408888220787048,0.2981613874435425,0,0,5.231299877166748,0,1,0.9893170595169067,0.09729965776205063,0.1085587665438652,0,-0.13341355323791504,0.30411890149116516,0.9432461857795715,0,0.05876270309090614,-0.9476520419120789,0.31385090947151184,0,0,4.76700496673584,0,1,0.9827679991722107,-2.43176231151665e-7,0.1848459392786026,0,-0.10650123655796051,0.8173350691795349,0.566234827041626,0,-0.15108104050159454,-0.5761631727218628,0.8032498955726624,0,0,1.9788390398025513,0,1,-0.9976879358291626,-0.05826696380972862,0.03499378263950348,0,0.06272786855697632,-0.5911245942115784,0.8041372299194336,0,-0.0261689443141222,0.8044729828834534,0.5934128165245056,0,-1.022987961769104,-0.6898429989814758,-0.09872400015592575,1,0.9858539700508118,-0.13427428901195526,-0.10031001269817352,0,-0.023536289110779762,0.48164883255958557,-0.8760481476783752,0,0.16594485938549042,0.8660160303115845,0.4716748893260956,0,0,5.234388828277588,0,1,0.9797779321670532,-0.005135570652782917,-0.20002023875713348,0,0.19680248200893402,0.20510369539260864,0.9587499499320984,0,0.03610118106007576,-0.9787270426750183,0.20196685194969177,0,0,4.769873142242432,0,1,0.9821279644966125,0.0032140163239091635,-0.18818940222263336,0,0.10869502276182175,0.8065869808197021,0.5810359716415405,0,0.15365856885910034,-0.5911068916320801,0.7918222546577454,0,0,1.9828089475631714,0,1
K0.100,0.6854771375656128,-0.07413189858198166,0.7243108153343201,0,-0.20492389798164368,0.9349450469017029,0.2896268963813782,0,-0.6986611485481262,-0.3469610810279846,0.625691831111908,0,1.7474939823150635,10.675790786743164,-0.2894600033760071,1,0.999891996383667,-0.009233057498931885,0.01140165887773037,0,0.009209943003952503,0.9999549984931946,0.002078115474432707,0,-0.01142034213989973,-0.0019728844054043293,0.9999329447746277,0,0,1.2427419424057007,-0.1856590062379837,1,0.9955919981002808,-0.08893611282110214,0.02978883497416973,0,0.07640787959098816,0.9532600045204163,0.29232990741729736,0,-0.0543951615691185,-0.2887650728225708,0.9558529257774353,0,0,1.4659559726715088,0,1,0.9956590533256531,-0.0887380838394165,0.028086956590414047,0,0.07670190930366516,0.9531880617141724,0.29248908162117004,0,-0.05272703990340233,-0.289064884185791,0.9558560252189636,0,0,1.6753770112991333,0,1,0.9946779608726501,0.054774053394794464,-0.08727103471755981,0,-0.037738945335149765,0.9818090200424194,0.1860819309949875,0,0.09587595611810684,-0.1817980855703354,0.9786509871482849,0,0,1.8847999572753906,0,1,0.8198361396789551,-0.4003829061985016,-0.40934276580810547,0,0.07387307286262512,0.7828718423843384,-0.6177822351455688,0,0.5678122639656067,0.47624072432518005,0.6714040040969849,0,0,0.855912983417511,0.3470599949359894,1,-0.0038288331124931574,0.002437133574858308,-0.9999898672103882,0,0.9624199867248535,-0.27152976393699646,-0.004346785135567188,0,-0.2715376913547516,-0.962427020072937,-0.0013058495242148638,0,0.652642011642456,1.576030969619751,-0.03514900058507919,1,0.9090510010719299,0.23510192334651947,0.3440251350402832,0,-0.2814931273460388,0.9552359580993652,0.09102179855108261,0,-0.30722588300704956,-0.17958420515060425,0.9345380067825317,0,0,1.451390027999878,0,1,0.22797195613384247,0.9713510870933533,0.06712614744901657,0,-0.954922080039978,0.23651397228240967,-0.17940331995487213,0,-0.19013985991477966,-0.023201296105980873,0.9814829230308533,0,0,3.2703590393066406,0,1,0.6799703240394592,-0.02657907083630562,-0.7327577471733093,0,-0.06575506925582886,0.9931060671806335,-0.09704070538282394,0,0.7302851676940918,0.11416730284690857,0.6735346913337708,0,0,2.8214590549468994,0,1,0.8970019817352295,0.43913811445236206,0.050452008843421936,0,-0.4048859477043152,0.8620589375495911,-0.3048322796821594,0,-0.17735600471496582,0.25300776958465576,0.9510691165924072,0,-0.3050509989261627,0.43549299240112305,0,1,0.9990260601043701,0.0406675823032856,0.017096051946282387,0,-0.042343419045209885,0.9926930069923401,0.11299402266740799,0,-0.012375947088003159,-0.1136079654097557,0.9934489130973816,0,-0.06800000369548798,0.4198940098285675,0,1,0.9925180673599243,0.12202199548482895,0.0043931035324931145,0,-0.12194002419710159,0.9924139976501465,-0.015629315748810768,0,-0.006266896612942219,0.01497668121010065,0.9998679757118225,0,-0.004792999941855669,0.4857949912548065,0,1,0.9825169444084167,0.18314820528030396,-0.03343094885349274,0,-0.1795778125524521,0.9796760678291321,0.08936797082424164,0,0.04911905154585838,-0.08180203288793564,0.9954370260238647,0,0,0.9967560172080994,0,1,0.9963089823722839,-0.08574112504720688,0.003988239448517561,0,0.0851258784532547,0.9929800033569336,0.08212529867887497,0,-0.011001761071383953,-0.08148270100355148,0.9966140389442444,0,0.060189999639987946,0.5512700080871582,0,1,0.9981439709663391,0.06076497212052345,-0.00389411230571568,0,-0.06024101749062538,0.9947999715805054,0.08211997151374817,0,0.008863887749612331,-0.08173303306102753,0.996614933013916,0,-0.026318000629544258,0.4993000030517578,0,1,-0.10002600401639938,-0.0018109265947714448,0.9949829578399658,0,-0.9457219243049622,-0.3105849027633667,-0.09563907980918884,0,0.3092000186443329,-0.950543999671936,0.029353981837630272,0,-0.652642011642456,1.5792399644851685,-0.05662799999117851,1,0.9549930691719055,-0.28963178396224976,0.06404221057891846,0,0.1848991960287094,0.7500681281089783,0.6349889039993286,0,-0.23194880783557892,-0.5945681929588318,0.7698619365692139,0,0,1.451390027999878,0,1,0.4140368700027466,-0.9066200256347656,-0.08132339268922806,0,0.8969809412956238,0.4215700328350067,-0.13305701315402985,0,0.15491561591625214,-0.017855023965239525,0.9877660870552063,0,0,3.2765069007873535,0,1,0.6311406493186951,0.014995189383625984,0.7755232453346252,0,0.09619218856096268,0.9905819296836853,-0.09743713587522507,0,-0.7696807384490967,0.13609586656093597,0.6237543225288391,0,0,2.8292040824890137,0,1,0.9205870628356934,-0.3885669410228729,0.039168570190668106,0,0.3618420958518982,0.8109138607978821,-0.45987915992736816,0,0.14693157374858856,0.43753185868263245,0.8871171474456787,0,0.32116401195526123,0.5079699754714966,0,1,0.9973069429397583,-0.0716533437371254,-0.01565619371831417,0,0.073118656873703,0.9880430102348328,0.13573943078517914,0,0.005742806475609541,-0.13651858270168304,0.9906209707260132,0,0.08328499644994736,0.4735170006752014,0,1,0.985427975654602,-0.16989004611968994,0.008277874439954758,0,0.17007194459438324,0.9848859906196594,-0.032777898013591766,0,-0.002584125380963087,0.03370809927582741,0.9994279742240906,0,-0.002070999937132001,0.4775800108909607,0,1,0.9743979573249817,-0.21934489905834198,0.04935845360159874,0,0.21362408995628357,0.9716910719871521,0.10090678930282593,0,-0.07009454816579819,-0.0877792090177536,0.9936710000038147,0,0,1.0201549530029297,0,1,0.9910159707069397,0.13374102115631104,0.000017610247596167028,0,-0.13322100043296814,0.987151026725769,0.08823013305664062,0,0.011782608926296234,-0.08743986487388611,0.9961000084877014,0,-0.07540299743413925,0.5894140005111694,0,1,0.9890879988670349,-0.14716199040412903,-0.006943324115127325,0,0.1471950113773346,0.9851269721984863,0.08865321427583694,0,-0.006206324324011803,-0.08870778232812881,0.9960380792617798,0,0.0557279996573925,0.5480239987373352,0,1,-0.9583361148834229,-0.20611976087093353,0.1977539211511612,0,0.26615622639656067,-0.393030047416687,0.8801639080047607,0,-0.10369592905044556,0.8961260914802551,0.43151482939720154,0,1.022987961769104,-0.6898429989814758,-0.1812169998884201,1,0.987982988357544,0.11851399391889572,0.0992131233215332,0,0.023611990734934807,0.5186387300491333,-0.8546671867370605,0,-0.15274590253829956,0.8467398881912231,0.509608268737793,0,0,5.231299877166748,0,1,0.9848180413246155,0.14157000184059143,0.10045458376407623,0,-0.14202198386192322,0.32435885071754456,0.9352120161056519,0,0.09981458634138107,-0.935279905796051,0.3395403027534485,0,0,4.76700496673584,0,1,0.9827679991722107,-2.43176231151665e-7,0.1848459392786026,0,-0.10650123655796051,0.8173350691795349,0.566234827041626,0,-0.15108104050159454,-0.5761631727218628,0.8032498955726624,0,0,1.9788390398025513,0,1,-0.9994838833808899,-0.02738255262374878,0.01679922454059124,0,0.03014044649899006,-0.6183539032936096,0.7853209972381592,0,-0.011116225272417068,0.7854219675064087,0.618860125541687,0,-1.022987961769104,-0.6898429989814758,-0.09872400015592575,1,0.9843959808349609,-0.14076830446720123,-0.10558561235666275,0,-0.024808300659060478,0.4830177426338196,-0.8752592206001282,0,0.174208402633667,0.8642207384109497,0.471988320350647,0,0,5.234388828277588,0,1,0.9844409823417664,-0.00575714698061347,-0.1756199449300766,0,0.17258486151695251,0.21946965157985687,0.9602330327033997,0,0.033015038818120956,-0.975601851940155,0.21704846620559692,0,0,4.769873142242432,0,1,0.9819320440292358,0.005299707408994436,-0.18915870785713196,0,0.10960470139980316,0.7989338040351868,0.5913472771644592,0,0.1542593091726303,-0.6013957858085632,0.7839181423187256,0,0,1.9828089475631714,0,1
