6.667,30,200,41
B0,mixamorig_Hips,-1,0.49887970089912415,-0.09792334586381912,0.8611215353012085,0,-0.3293432891368866,0.8976395130157471,0.29287680983543396,0,-0.8016560673713684,-0.4297148287296295,0.4155636727809906,0,0.058931317180395126,6.2994513511657715,0.06567235291004181,1
B1,mixamorig_Spine,0,0.999916136264801,-0.010678133927285671,0.007331848610192537,0,0.011527345515787601,0.9917436838150024,-0.12771761417388916,0,-0.005907530430704355,0.12779144942760468,0.991783857345581,0,0,1.2427419424057007,-0.1856590062379837,1
B2,mixamorig_Spine1,1,0.9991062879562378,-0.032831624150276184,0.02661789022386074,0,0.029896419495344162,0.9941246509552002,0.10402876883745193,0,-0.029876939952373505,-0.10314002633094788,0.9942179322242737,0,0,1.4659559726715088,0,1
B3,mixamorig_Spine2,2,0.9991723299026489,-0.03198002651333809,0.025129659101366997,0,0.029191531240940094,0.99410480260849,0.10442345589399338,0,-0.02832096442580223,-0.10360339283943176,0.9942149519920349,0,0,1.6753770112991333,0,1
B4,mixamorig_Neck,3,0.8616101145744324,-0.09134538471698761,-0.4992838203907013,0,0.2513364553451538,0.9313908219337463,0.2633287012577057,0,0.44097432494163513,-0.35237470269203186,0.8254538178443909,0,0,1.8847999572753906,0,1
B5,mixamorig_Head,4,0.910116970539093,-0.20315025746822357,-0.361131489276886,0,-0.08367772400379181,0.7634908556938171,-0.6403757929801941,0,0.40581291913986206,0.613035261631012,0.6778665781021118,0,0,0.855912983417511,0.3470599949359894,1
B6,mixamorig_HeadTop_End,5,1,0,0,0,0,1,0,0,0,0,1,0,0,2.8392999172210693,1.1512919664382935,1
B7,mixamorig_LeftShoulder,3,0.05163643881678581,0.1460089236497879,-0.9879345893859863,0,0.9220899939537048,-0.38687050342559814,-0.008981396444141865,0,-0.3835144340991974,-0.9105017185211182,-0.15461021661758423,0,0.652642011642456,1.576030969619751,-0.03514900058507919,1
B8,mixamorig_LeftArm,7,0.5485513806343079,0.35762542486190796,0.755774736404419,0,-0.5124486088752747,0.8580418229103088,-0.03407515585422516,0,-0.660672128200531,-0.36860352754592896,0.6539443731307983,0,0,1.451390027999878,0,1
B9,mixamorig_LeftForeArm,8,0.7713895440101624,0.2326202541589737,-0.5923221707344055,0,-0.33850038051605225,0.9381774663925171,-0.07238723337650299,0,0.5388646125793457,0.25634005665779114,0.8024423718452454,0,0,3.2703590393066406,0,1
B10,mixamorig_LeftHand,9,0.6541577577590942,0.1568824052810669,-0.7399085760116577,0,-0.16536910831928253,0.9842506051063538,0.06248623505234718,0,0.7380586862564087,0.0814821869134903,0.6697989702224731,0,0,2.8214590549468994,0,1
B11,mixamorig_LeftHandThumb1,10,0.5107441544532776,0.6426059603691101,-0.5711378455162048,0,-0.6109969615936279,0.7386638522148132,0.2847064435482025,0,0.6048330664634705,0.20355141162872314,0.7698988318443298,0,-0.3050509989261627,0.43549299240112305,0,1
B12,mixamorig_LeftHandThumb2,11,0.9433028697967529,-0.3302931487560272,-0.03294643759727478,0,0.32842084765434265,0.9143160581588745,0.23699212074279785,0,-0.048153460025787354,-0.23437587916851044,0.9709529876708984,0,-0.06800000369548798,0.4198940098285675,0,1
B13,mixamorig_LeftHandThumb3,12,0.8274798393249512,-0.5603013634681702,-0.03660298138856888,0,0.5490258932113647,0.7937200665473938,0.2618759274482727,0,-0.11767688393592834,-0.23679298162460327,0.9644070863723755,0,-0.004792999941855669,0.4857949912548065,0,1
B14,mixamorig_LeftHandThumb4,13,1,0,0,0,0,1,0,0,0,0,1,0,0.07279200106859207,0.44150298833847046,0,1
B15,mixamorig_LeftHandIndex1,10,0.6928532719612122,0.6833506226539612,0.23018686473369598,0,-0.6252433061599731,0.4103159010410309,0.6638616919517517,0,0.3592008650302887,-0.6038812398910522,0.7115488648414612,0,0,0.9967560172080994,0,1
B16,mixamorig_LeftHandIndex2,15,0.6631308794021606,0.59617018699646,0.4525909721851349,0,-0.6233118176460266,0.10505686700344086,0.7748841047286987,0,0.4144149720668793,-0.7959548234939575,0.44126635789871216,0,0.060189999639987946,0.5512700080871582,0,1
B17,mixamorig_LeftHandIndex3,16,0.9075219631195068,0.40679314732551575,0.10451997071504593,0,-0.39545193314552307,0.7437472343444824,0.5389407873153687,0,0.14150096476078033,-0.530433177947998,0.8358339667320251,0,-0.026318000629544258,0.4993000030517578,0,1
B18,mixamorig_LeftHandIndex4,17,1,0,0,0,0,1,0,0,0,0,1,0,-0.033872999250888824,0.5011600255966187,0,1
B19,mixamorig_RightShoulder,3,0.06481564790010452,-0.16054946184158325,0.9848978519439697,0,-0.8090102076530457,-0.5862683653831482,-0.042327772825956345,0,0.5842100977897644,-0.7940487861633301,-0.16788555681705475,0,-0.652642011642456,1.5792399644851685,-0.05662799999117851,1
B20,mixamorig_RightArm,19,0.9729683995246887,-0.03717729076743126,0.2279258519411087,0,-0.015405942685902119,0.9743091464042664,0.2246856838464737,0,-0.23042359948158264,-0.2221236377954483,0.947399914264679,0,0,1.451390027999878,0,1
B21,mixamorig_RightForeArm,20,0.9175558686256409,-0.38777002692222595,-0.08789559453725815,0,0.3899831771850586,0.9207789897918701,0.0088838841766119,0,0.07748749107122421,-0.04242924600839615,0.9960896372795105,0,0,3.2765069007873535,0,1
B22,mixamorig_RightHand,21,0.717966616153717,-0.030460169538855553,0.6954106688499451,0,0.005173334851861,0.9992478489875793,0.038427624851465225,0,-0.6960583329200745,-0.02399216592311859,0.7175843715667725,0,0,2.8292040824890137,0,1
B23,mixamorig_RightHandThumb1,22,0.8400489091873169,-0.5222247838973999,-0.1469629555940628,0,0.5385158658027649,0.8354965448379517,0.10929720848798752,0,0.06570937484502792,-0.17095698416233063,0.9830849170684814,0,0.32116401195526123,0.5079699754714966,0,1
B24,mixamorig_RightHandThumb2,23,0.9707933068275452,0.23775313794612885,-0.032163724303245544,0,-0.22377018630504608,0.9456292986869812,0.23603412508964539,0,0.0865328311920166,-0.22194309532642365,0.9712128043174744,0,0.08328499644994736,0.4735170006752014,0,1
B25,mixamorig_RightHandThumb3,24,0.9745917916297913,-0.22356154024600983,0.01381929125636816,0,0.22301867604255676,0.9742587208747864,0.032896269112825394,0,-0.020817913115024567,-0.028978483751416206,0.9993632435798645,0,-0.002070999937132001,0.4775800108909607,0,1
B26,mixamorig_RightHandThumb4,25,1,0,0,0,0,1,0,0,0,0,1,0,-0.08121500164270401,0.3971160054206848,0,1
B27,mixamorig_RightHandIndex1,22,0.9700964689254761,-0.22924622893333435,0.07973846793174744,0,0.22137349843978882,0.9703904986381531,0.0966247096657753,0,-0.09952835738658905,-0.07608335465192795,0.9921220541000366,0,0,1.0201549530029297,0,1
B28,mixamorig_RightHandIndex2,27,0.9953030943870544,0.09680287539958954,-0.0007066637626849115,0,-0.09627147018909454,0.9905523061752319,0.09766755253076553,0,0.010154487565159798,-0.09714078158140182,0.9952191114425659,0,-0.07540299743413925,0.5894140005111694,0,1
B29,mixamorig_RightHandIndex3,28,0.998476505279541,-0.054979681968688965,-0.004729087930172682,0,0.05513537675142288,0.9974981546401978,0.0442471019923687,0,0.002284564543515444,-0.04444042965769768,0.9990096688270569,0,0.0557279996573925,0.5480239987373352,0,1
B30,mixamorig_RightHandIndex4,29,1,0,0,0,0,1,0,0,0,0,1,0,0.019675999879837036,0.41751301288604736,0,1
B31,mixamorig_LeftUpLeg,0,-0.7347716093063354,-0.11645184457302094,0.6682426929473877,0,0.6189778447151184,0.28783997893333435,0.7307626605033875,0,-0.27744588255882263,0.9505720734596252,-0.13941562175750732,0,1.022987961769104,-0.6898429989814758,-0.1812169998884201,1
B32,mixamorig_LeftLeg,31,0.9459711909294128,-0.3090915083885193,0.09798182547092438,0,-0.03415817767381668,-0.3954933285713196,-0.9178332090377808,0,0.3224457800388336,0.8648974299430847,-0.3846835196018219,0,0,5.231299877166748,0,1
B33,mixamorig_LeftFoot,32,0.9915414452552795,-0.040959782898426056,-0.12315519899129868,0,0.1239214837551117,0.016718201339244843,0.9921506643295288,0,-0.038579363375902176,-0.9990204572677612,0.021652596071362495,0,0,4.76700496673584,0,1
B34,mixamorig_LeftToeBase,33,0.9822820425033569,-0.005002298392355442,0.18733961880207062,0,-0.10879132151603699,0.7987430095672607,0.5917558670043945,0,-0.1525963693857193,-0.6016521453857422,0.7840468287467957,0,0,1.9788390398025513,0,1
B35,mixamorig_LeftToe_End,34,1,0,0,0,0,1,0,0,0,0,1,0,0,0.7514830231666565,0,1
B36,mixamorig_RightUpLeg,0,-0.8494508862495422,-0.2603330612182617,-0.45897626876831055,0,-0.5086601972579956,0.17263995110988617,0.8434814214706421,0,-0.140348419547081,0.9499585032463074,-0.27907007932662964,0,-1.022987961769104,-0.6898429989814758,-0.09872400015592575,1
B37,mixamorig_RightLeg,36,0.992264986038208,0.1223272979259491,-0.02111380361020565,0,0.05070769041776657,-0.5546677708625793,-0.8305251598358154,0,-0.11330709606409073,0.8230307102203369,-0.5565804839134216,0,0,5.234388828277588,0,1
B38,mixamorig_RightFoot,37,0.9931765198707581,0.00900034885853529,-0.1162770688533783,0,0.11454468965530396,0.11218488216400146,0.9870630502700806,0,0.021928438916802406,-0.9936466813087463,0.11038844287395477,0,0,4.769873142242432,0,1
B39,mixamorig_RightToeBase,38,0.9788919687271118,0.04175858944654465,-0.20006603002548218,0,0.12579567730426788,0.6483996510505676,0.7508352994918823,0,0.161076620221138,-0.7601542472839355,0.629460334777832,0,0,1.9828089475631714,0,1
B40,mixamorig_RightToe_End,39,1,0,0,0,0,1,0,0,0,0,1,0,0,0.7492420077323914,0,1
@34,0,1,2,3,4,5,7,8,9,10,11,12,13,15,16,17,19,20,21,22,23,24,25,27,28,29,31,32,33,34,36,37,38,39
K0.000,0.519116997718811,-0.05435866490006447,0.8529729843139648,0,-0.33148467540740967,0.9070581197738647,0.25954607129096985,0,-0.7878040671348572,-0.4174819588661194,0.4528498947620392,0,0.10428500175476074,5.852255821228027,-0.07469700276851654,1,0.9998189806938171,-0.017274867743253708,0.007991914637386799,0,0.01796913333237171,0.9951210021972656,-0.09700998663902283,0,-0.006277085747569799,0.0971360057592392,0.9952509999275208,0,0,1.2427419424057007,-0.1856590062379837,1,0.9984580278396606,-0.05224212631583214,0.01874805986881256,0,0.04942387342453003,0.9905390739440918,0.12802398204803467,0,-0.02525893785059452,-0.12690001726150513,0.9915939569473267,0,0,1.4659559726715088,0,1,0.9984639883041382,-0.052228737622499466,0.01851380616426468,0,0.04944026097655296,0.9905380010604858,0.12802502512931824,0,-0.025025194510817528,-0.12691296637058258,0.9915980100631714,0,0,1.6753770112991333,0,1,0.8626348376274109,-0.10573391616344452,-0.4946533441543579,0,0.23123708367347717,0.9521750211715698,0.19972768425941467,0,0.44987863302230835,-0.28667429089546204,0.8458290696144104,0,0,1.8847999572753906,0,1,0.904525876045227,-0.22965548932552338,-0.3592931926250458,0,-0.07033847272396088,0.7506842613220215,-0.6569056510925293,0,0.4205777943134308,0.6194602847099304,0.6628597974777222,0,0,0.855912983417511,0.3470599949359894,1,0.07308848947286606,0.164381206035614,-0.9836850166320801,0,0.9327529668807983,-0.36040228605270386,0.009078269824385643,0,-0.35303014516830444,-0.9181989431381226,-0.1796683967113495,0,0.652642011642456,1.576030969619751,-0.03514900058507919,1,0.48838385939598083,0.39478597044944763,0.7782190442085266,0,-0.5481579303741455,0.8326910138130188,-0.07841397821903229,0,-0.6789729595184326,-0.38829097151756287,0.6230780482292175,0,0,1.451390027999878,0,1,0.7768898606300354,0.222494974732399,-0.5890152454376221,0,-0.33298003673553467,0.9391460418701172,-0.08443504571914673,0,0.5343847870826721,0.261726975440979,0.8036991953849792,0,0,3.2703590393066406,0,1,0.6532908082008362,0.14399626851081848,-0.7432880401611328,0,-0.17599272727966309,0.983737051486969,0.03589458763599396,0,0.7363680005073547,0.10736358910799026,0.6680081486701965,0,0,2.8214590549468994,0,1,0.5107439160346985,0.6426057815551758,-0.5711382627487183,0,-0.6109971404075623,0.7386638522148132,0.2847059965133667,0,0.6048327088356018,0.2035519927740097,0.7698981761932373,0,-0.3050509989261627,0.43549299240112305,0,1,0.9433028697967529,-0.3302941918373108,-0.032946065068244934,0,0.32842180132865906,0.9143159985542297,0.2369922399520874,0,-0.048154067248106,-0.2343757599592209,0.970953106880188,0,-0.06800000369548798,0.4198940098285675,0,1,0.8274799585342407,-0.5603010654449463,-0.03660372272133827,0,0.5490258932113647,0.7937200665473938,0.26187682151794434,0,-0.1176767349243164,-0.23679415881633759,0.9644070267677307,0,-0.004792999941855669,0.4857949912548065,0,1,0.6928530931472778,0.6833508610725403,0.2301868051290512,0,-0.6252431273460388,0.41031572222709656,0.6638610363006592,0,0.3592008352279663,-0.6038810014724731,0.7115491032600403,0,0,0.9967560172080994,0,1,0.6631308794021606,0.59617018699646,0.4525909721851349,0,-0.6233118772506714,0.10505686700344086,0.7748841047286987,0,0.4144149720668793,-0.7959548234939575,0.44126635789871216,0,0.060189999639987946,0.5512700080871582,0,1,0.9075209498405457,0.40679505467414856,0.1045200377702713,0,-0.39545390009880066,0.7437469959259033,0.5389411449432373,0,0.1415020227432251,-0.5304328799247742,0.8358340263366699,0,-0.026318000629544258,0.4993000030517578,0,1,0.13003018498420715,-0.17296965420246124,0.976306140422821,0,-0.7914753556251526,-0.611193835735321,-0.002870218362659216,0,0.5972087979316711,-0.7723492383956909,-0.21637503802776337,0,-0.652642011642456,1.5792399644851685,-0.05662799999117851,1,0.9678130149841309,-0.06145590543746948,0.24404990673065186,0,0.014252087101340294,0.9815539121627808,0.19065332412719727,0,-0.2512650489807129,-0.18103864789009094,0.9508370757102966,0,0,1.451390027999878,0,1,0.9244949221611023,-0.3712359666824341,-0.08655816316604614,0,0.3734549880027771,0.9275899529457092,0.010426335968077183,0,0.07641983777284622,-0.041964661329984665,0.9961919784545898,0,0,3.2765069007873535,0,1,0.7342328429222107,-0.0010001339251175523,0.6788970828056335,0,-0.033958133310079575,0.9986929893493652,0.03819725289940834,0,-0.6780478954315186,-0.0510997511446476,0.7332391738891602,0,0,2.8292040824890137,0,1,0.8282108902931213,-0.5391073226928711,-0.15306983888149261,0,0.5547007322311401,0.8275042176246643,0.08685982972383499,0,0.07983916252851486,-0.15684618055820465,0.984390914440155,0,0.32116401195526123,0.5079699754714966,0,1,0.9755510091781616,0.21660993993282318,-0.03715326264500618,0,-0.20370802283287048,0.9546710252761841,0.2170378416776657,0,0.0824817344546318,-0.20416317880153656,0.9754559993743896,0,0.08328499644994736,0.4735170006752014,0,1,0.9088398218154907,-0.41297537088394165,0.05883896350860596,0,0.4171406030654907,0.8990462422370911,-0.1330755203962326,0,0.0020579644478857517,0.14548847079277039,0.9893579483032227,0,-0.002070999937132001,0.4775800108909607,0,1,0.9876869320869446,-0.1426033228635788,0.06433387845754623,0,0.14230865240097046,0.9897800087928772,0.009163550101220608,0,-0.06498311460018158,0.00010454971197759733,0.9978860020637512,0,0,1.0201549530029297,0,1,0.9875919818878174,0.1570410132408142,-0.0006944555207155645,0,-0.1567779779434204,0.9861750602722168,0.0536528043448925,0,0.009110544808208942,-0.05287819355726242,0.9985589981079102,0,-0.07540299743413925,0.5894140005111694,0,1,0.9999589920043945,0.00618976354598999,-0.00654109101742506,0,-0.006195236463099718,0.9999799728393555,-0.0008167546475306153,0,0.006535909604281187,0.0008572453516535461,0.9999780058860779,0,0.0557279996573925,0.5480239987373352,0,1,-0.7454800605773926,-0.1077413484454155,0.6577628254890442,0,0.5934963226318359,0.3418359160423279,0.7286357879638672,0,-0.3033510446548462,0.9335629940032959,-0.1908876895904541,0,1.022987961769104,-0.6898429989814758,-0.1812169998884201,1,0.9384531378746033,-0.3219945430755615,0.1250031292438507,0,-0.03510955348610878,-0.4489508867263794,-0.8928660750389099,0,0.34361812472343445,0.8335238099098206,-0.4326242506504059,0,0,5.231299877166748,0,1,0.990481972694397,-0.05359112098813057,-0.12678125500679016,0,0.12902788817882538,0.040763095021247864,0.990803062915802,0,-0.04793025553226471,-0.9977309703826904,0.04728986695408821,0,0,4.76700496673584,0,1,0.9822829961776733,-0.005003099329769611,0.18733885884284973,0,-0.10879009962081909,0.7987421751022339,0.5917556881904602,0,-0.152596116065979,-0.6016523241996765,0.7840467691421509,0,0,1.9788390398025513,0,1,-0.8451922535896301,-0.2344875931739807,-0.48027685284614563,0,-0.5297653675079346,0.24868246912956238,0.8108669519424438,0,-0.07070184499025345,0.9397729635238647,-0.3344080448150635,0,-1.022987961769104,-0.6898429989814758,-0.09872400015592575,1,0.9942470192909241,0.10430426895618439,-0.024354994297027588,0,0.047454722225666046,-0.6328077912330627,-0.7728540301322937,0,-0.09602401405572891,0.7672519683837891,-0.6341170072555542,0,0,5.234388828277588,0,1,0.9929680228233337,0.00710713816806674,-0.11816895008087158,0,0.11758912354707718,0.056152645498514175,0.9914730191230774,0,0.013682047836482525,-0.9983970522880554,0.05492209643125534,0,0,4.769873142242432,0,1,0.9794210195541382,0.03522637113928795,-0.19872982800006866,0,0.12278737127780914,0.6774669289588928,0.7252320051193237,0,0.16018018126487732,-0.7347090244293213,0.6592000126838684,0,0,1.9828089475631714,0,1
K0.034,0.5191190242767334,-0.054347001016139984,0.8529729843139648,0,-0.3316807746887207,0.9069566130638123,0.2596473693847656,0,-0.7877207398414612,-0.4177027642726898,0.4527926743030548,0,0.10677792876958847,5.851402282714844,-0.07453467696905136,1,0.9998260736465454,-0.016841590404510498,0.00796177051961422,0,0.01753496192395687,0.9951289892196655,-0.09700807183980942,0,-0.006289223674684763,0.09713087975978851,0.9952520132064819,0,0,1.2427419424057007,-0.1856590062379837,1,0.9984580278396606,-0.05224205553531647,0.01874709315598011,0,0.0494239516556263,0.9905390739440918,0.1280229538679123,0,-0.02525791898369789,-0.12689903378486633,0.9915940165519714,0,0,1.4659559726715088,0,1,0.9984639883041382,-0.05222877115011215,0.018514303490519524,0,0.04944022744894028,0.9905380010604858,0.12802504003047943,0,-0.02502569369971752,-0.1269129514694214,0.9915980696678162,0,0,1.6753770112991333,0,1,0.8630914688110352,-0.10506756603717804,-0.49399831891059875,0,0.23028430342674255,0.9523950815200806,0.1997791826725006,0,0.44949132204055786,-0.2861878275871277,0.846199631690979,0,0,1.8847999572753906,0,1,0.9047461748123169,-0.22988355159759521,-0.3585909605026245,0,-0.07034093886613846,0.7496669888496399,-0.6580668687820435,0,0.42010244727134705,0.6206069588661194,0.6620880365371704,0,0,0.855912983417511,0.3470599949359894,1,0.0729331523180008,0.1648339033126831,-0.9836216568946838,0,0.932979166507721,-0.3598208725452423,0.008879872970283031,0,-0.3524636924266815,-0.9183456897735596,-0.18002939224243164,0,0.652642011642456,1.576030969619751,-0.03514900058507919,1,0.4872281849384308,0.3944680392742157,0.7791048884391785,0,-0.548265814781189,0.8325944542884827,-0.07868179678916931,0,-0.6797157526016235,-0.3888205289840698,0.6219367384910583,0,0,1.451390027999878,0,1,0.7774084806442261,0.22226089239120483,-0.5884191989898682,0,-0.33261969685554504,0.9392527341842651,-0.08467137813568115,0,0.5338547825813293,0.261543869972229,0.8041108250617981,0,0,3.2703590393066406,0,1,0.6536235809326172,0.14374609291553497,-0.7430437207221985,0,-0.1751631647348404,0.9838716387748718,0.03625214844942093,0,0.7362704277038574,0.10645858198404312,0.668260395526886,0,0,2.8214590549468994,0,1,0.5107439756393433,0.6426053047180176,-0.5711377859115601,0,-0.610996663570404,0.7386640906333923,0.28470638394355774,0,0.6048333048820496,0.20355139672756195,0.7698986530303955,0,-0.3050509989261627,0.43549299240112305,0,1,0.9433028697967529,-0.330293208360672,-0.03294594958424568,0,0.3284207880496979,0.9143160581588745,0.23699219524860382,0,-0.04815395176410675,-0.23437580466270447,0.970953106880188,0,-0.06800000369548798,0.4198940098285675,0,1,0.8274780511856079,-0.5603027939796448,-0.036604613065719604,0,0.5490280985832214,0.7937188148498535,0.26187509298324585,0,-0.11767560243606567,-0.2367928922176361,0.9644070863723755,0,-0.004792999941855669,0.4857949912548065,0,1,0.6928539872169495,0.6833508610725403,0.23018711805343628,0,-0.6252431273460388,0.4103163778781891,0.6638606190681458,0,0.359200119972229,-0.6038812398910522,0.7115496397018433,0,0,0.9967560172080994,0,1,0.6631311774253845,0.5961698293685913,0.4525908827781677,0,-0.6233111023902893,0.1050567626953125,0.7748838663101196,0,0.4144149124622345,-0.7959550619125366,0.4412659704685211,0,0.060189999639987946,0.5512700080871582,0,1,0.9075210094451904,0.4067949652671814,0.10452001541852951,0,-0.3954540491104126,0.7437479496002197,0.5389389991760254,0,0.14150100946426392,-0.5304309129714966,0.8358349800109863,0,-0.026318000629544258,0.4993000030517578,0,1,0.13007910549640656,-0.17319726943969727,0.9762597680091858,0,-0.7916077971458435,-0.6110220551490784,-0.0029251372907310724,0,0.5970228910446167,-0.7724343538284302,-0.21658554673194885,0,-0.652642011642456,1.5792399644851685,-0.05662799999117851,1,0.9679980278015137,-0.0609702430665493,0.2434408962726593,0,0.013991747051477432,0.9816423058509827,0.19021859765052795,0,-0.2505693733692169,-0.18072491884231567,0.9510801434516907,0,0,1.451390027999878,0,1,0.9244877099990845,-0.3710135519504547,-0.0875883400440216,0,0.3732543885707855,0.9276732206344604,0.01015815231949091,0,0.07748452574014664,-0.042083803564310074,0.9961045384407043,0,0,3.2765069007873535,0,1,0.7342126369476318,-0.0011676106369122863,0.6789184212684631,0,-0.03439495339989662,0.9986507892608643,0.03891372308135033,0,-0.6780478954315186,-0.05192231386899948,0.733181893825531,0,0,2.8292040824890137,0,1,0.8280619382858276,-0.5393345952033997,-0.15307307243347168,0,0.5549086332321167,0.8273897171020508,0.08661764115095139,0,0.07993517071008682,-0.15666630864143372,0.9844110608100891,0,0.32116401195526123,0.5079699754714966,0,1,0.9755952954292297,0.21640180051326752,-0.03721626475453377,0,-0.20350581407546997,0.9547533988952637,0.21686826646327972,0,0.08246298134326935,-0.204001784324646,0.9754912257194519,0,0.08328499644994736,0.4735170006752014,0,1,0.9086513519287109,-0.4133594334125519,0.059052206575870514,0,0.4175509214401245,0.8988060355186462,-0.13341158628463745,0,0.0020704620983451605,0.14588196575641632,0.9893003106117249,0,-0.002070999937132001,0.4775800108909607,0,1,0.9877464175224304,-0.142166867852211,0.06438275426626205,0,0.1418946236371994,0.9898423552513123,0.008804984390735626,0,-0.06498055905103683,0.0004384747880976647,0.9978860020637512,0,0,1.0201549530029297,0,1,0.9875275492668152,0.1574418991804123,-0.0007008945103734732,0,-0.15718083083629608,0.9861276149749756,0.053345587104558945,0,0.009090010076761246,-0.052570123225450516,0.9985761046409607,0,-0.07540299743413925,0.5894140005111694,0,1,0.9999579191207886,0.006460669916123152,-0.006563612259924412,0,-0.006467504892498255,0.9999790191650391,-0.0010204678401350975,0,0.00655687740072608,0.0010628743330016732,0.9999780654907227,0,0.0557279996573925,0.5480239987373352,0,1,-0.7458648085594177,-0.107380710542202,0.657384991645813,0,0.5930139422416687,0.34240829944610596,0.7287605404853821,0,-0.3033488392829895,0.9333952069282532,-0.19171196222305298,0,1.022987961769104,-0.6898429989814758,-0.1812169998884201,1,0.9385809302330017,-0.321628212928772,0.12498408555984497,0,-0.035029735416173935,-0.4491523504257202,-0.8927683234214783,0,0.34327635169029236,0.8335570096969604,-0.4328323006629944,0,0,5.231299877166748,0,1,0.9904809594154358,-0.053572166711091995,-0.1267949640750885,0,0.12905484437942505,0.04105794057250023,0.9907870888710022,0,-0.047872692346572876,-0.9977200627326965,0.04758089408278465,0,0,4.76700496673584,0,1,0.9822829961776733,-0.005003106780350208,0.18733884394168854,0,-0.10879010707139969,0.7987430095672607,0.5917559266090393,0,-0.1525961309671402,-0.6016520857810974,0.7840469479560852,0,0,1.9788390398025513,0,1,-0.8451882600784302,-0.234476700425148,-0.48028960824012756,0,-0.52983558177948,0.24950586259365082,0.8105683326721191,0,-0.07022429257631302,0.9395570158958435,-0.3351133465766907,0,-1.022987961769104,-0.6898429989814758,-0.09872400015592575,1,0.9942429661750793,0.10434410721063614,-0.024371033534407616,0,0.04746103286743164,-0.6327535510063171,-0.7728974223136902,0,-0.0960681363940239,0.7672910690307617,-0.6340630054473877,0,0,5.234388828277588,0,1,0.9929629564285278,0.007287751883268356,-0.1181974783539772,0,0.11759410053491592,0.05713288486003876,0.9914166927337646,0,0.01397816464304924,-0.9983397126197815,0.05587385967373848,0,0,4.769873142242432,0,1,0.9794382452964783,0.03513931483030319,-0.19866229593753815,0,0.12278518825769424,0.6775131821632385,0.725189745426178,0,0.16007889807224274,-0.734670877456665,0.6592673063278198,0,0,1.9828089475631714,0,1
K0.067,0.5191193222999573,-0.0543353408575058,0.8529728055000305,0,-0.33182647824287415,0.9068831205368042,0.2597191035747528,0,-0.7876582145690918,-0.41786402463912964,0.45275047421455383,0,0.10935823619365692,5.850469589233398,-0.07427103817462921,1,0.9998340010643005,-0.016397422179579735,0.007939659990370274,0,0.017090722918510437,0.9951370358467102,-0.09700718522071838,0,-0.006310381460934877,0.09712676703929901,0.9952520132064819,0,0,1.2427419424057007,-0.1856590062379837,1,0.9984580278396606,-0.05224212631583214,0.01874805986881256,0,0.04942387342453003,0.9905390739440918,0.12802398204803467,0,-0.02525893785059452,-0.12690001726150513,0.9915939569473267,0,0,1.4659559726715088,0,1,0.9984639883041382,-0.05222877115011215,0.018514297902584076,0,0.04944022744894028,0.9905380010604858,0.12802504003047943,0,-0.025025688111782074,-0.1269129514694214,0.9915980696678162,0,0,1.6753770112991333,0,1,0.8635507225990295,-0.10439620167016983,-0.4933372139930725,0,0.22933509945869446,0.9526092410087585,0.19985046982765198,0,0.449094295501709,-0.2857207655906677,0.846568763256073,0,0,1.8847999572753906,0,1,0.9049813151359558,-0.2302061915397644,-0.3577900230884552,0,-0.07033900916576385,0.7484368681907654,-0.6594658493995667,0,0.4195960462093353,0.6219704151153564,0.6611284613609314,0,0,0.855912983417511,0.3470599949359894,1,0.07228114455938339,0.16560015082359314,-0.9835402965545654,0,0.9336254596710205,-0.3581536114215851,0.008309992961585522,0,-0.3508823812007904,-0.9188590049743652,-0.18049627542495728,0,0.652642011642456,1.576030969619751,-0.03514900058507919,1,0.48574453592300415,0.3935829699039459,0.7804770469665527,0,-0.5489116311073303,0.8322282433509827,-0.07805490493774414,0,-0.6802560091018677,-0.3904981315135956,0.6202924847602844,0,0,1.451390027999878,0,1,0.7779072523117065,0.22197917103767395,-0.5878651142120361,0,-0.3322184085845947,0.9393730759620667,-0.08490701019763947,0,0.5333771109580994,0.2613494098186493,0.8044907450675964,0,0,3.2703590393066406,0,1,0.6539603471755981,0.14352740347385406,-0.742789626121521,0,-0.1744314581155777,0.9839903712272644,0.03656260296702385,0,0.7361449003219604,0.10565529763698578,0.668525755405426,0,0,2.8214590549468994,0,1,0.5107441544532776,0.6426058411598206,-0.5711379647254944,0,-0.610997200012207,0.7386638522148132,0.2847059667110443,0,0.6048330068588257,0.20355196297168732,0.7698990702629089,0,-0.3050509989261627,0.43549299240112305,0,1,0.9433030486106873,-0.3302936851978302,-0.03294609114527702,0,0.3284212648868561,0.914315938949585,0.2369927167892456,0,-0.048154085874557495,-0.23437626659870148,0.9709529876708984,0,-0.06800000369548798,0.4198940098285675,0,1,0.8274800777435303,-0.5603009462356567,-0.03660392016172409,0,0.5490261316299438,0.7937209606170654,0.2618740200996399,0,-0.11767494678497314,-0.23679202795028687,0.9644080400466919,0,-0.004792999941855669,0.4857949912548065,0,1,0.6928538680076599,0.6833502054214478,0.23018690943717957,0,-0.6252428293228149,0.4103164076805115,0.6638609170913696,0,0.3591999113559723,-0.6038811206817627,0.711548924446106,0,0,0.9967560172080994,0,1,0.663131058216095,0.5961700081825256,0.45258983969688416,0,-0.623310923576355,0.10505686700344086,0.7748850584030151,0,0.4144158363342285,-0.7959550619125366,0.4412660598754883,0,0.060189999639987946,0.5512700080871582,0,1,0.9075210690498352,0.40679287910461426,0.10451969504356384,0,-0.3954521417617798,0.7437479496002197,0.5389400124549866,0,0.14150066673755646,-0.5304319858551025,0.8358340859413147,0,-0.026318000629544258,0.4993000030517578,0,1,0.13015790283679962,-0.1734410673379898,0.9762054681777954,0,-0.7917552590370178,-0.6108312606811523,-0.0029604712035506964,0,0.5968103408813477,-0.7725306153297424,-0.2168274223804474,0,-0.652642011642456,1.5792399644851685,-0.05662799999117851,1,0.9681910872459412,-0.0603705532848835,0.24281856417655945,0,0.013588372617959976,0.98171067237854,0.18989600241184235,0,-0.24984152615070343,-0.18055595457553864,0.9513031244277954,0,0,1.451390027999878,0,1,0.9244309067726135,-0.370902955532074,-0.08865071088075638,0,0.37316420674324036,0.9277129173278809,0.009848171845078468,0,0.07858967781066895,-0.0421852171421051,0.9960140585899353,0,0,3.2765069007873535,0,1,0.7341740727424622,-0.0011083255521953106,0.6789608597755432,0,-0.03500679135322571,0.9986065030097961,0.03948366269469261,0,-0.6780583262443542,-0.05275610461831093,0.7331119775772095,0,0,2.8292040824890137,0,1,0.8279056549072266,-0.5395790338516235,-0.15305623412132263,0,0.5551317930221558,0.8272640705108643,0.0863892063498497,0,0.08000411093235016,-0.15648850798606873,0.984434187412262,0,0.32116401195526123,0.5079699754714966,0,1,0.9756456613540649,0.21616089344024658,-0.03728889673948288,0,-0.2032719999551773,0.9548481106758118,0.21666988730430603,0,0.08244077116250992,-0.20381321012973785,0.9755326509475708,0,0.08328499644994736,0.4735170006752014,0,1,0.9081570506095886,-0.4143754839897156,0.059524066746234894,0,0.41862326860427856,0.8981727957725525,-0.13431327044963837,0,0.002193230902776122,0.14689576625823975,0.9891495704650879,0,-0.002070999937132001,0.4775800108909607,0,1,0.9878242015838623,-0.14160025119781494,0.0644472986459732,0,0.14135712385177612,0.9899231791496277,0.00833855476230383,0,-0.06497860699892044,0.0008730588015168905,0.997886061668396,0,0,1.0201549530029297,0,1,0.9874370694160461,0.15801185369491577,-0.0007100555230863392,0,-0.1577533334493637,0.9860592484474182,0.05291733518242836,0,0.00906172301620245,-0.05214051902294159,0.9985982179641724,0,-0.07540299743413925,0.5894140005111694,0,1,0.999951958656311,0.007174322847276926,-0.006614637095481157,0,-0.007184729911386967,0.999972939491272,-0.0015505588380619884,0,0.006603337824344635,0.001598009723238647,0.9999770522117615,0,0.0557279996573925,0.5480239987373352,0,1,-0.7462478876113892,-0.10704701393842697,0.657005250453949,0,0.5925388336181641,0.3429328501224518,0.7288994789123535,0,-0.3033350110054016,0.9332402944564819,-0.19248327612876892,0,1.022987961769104,-0.6898429989814758,-0.1812169998884201,1,0.9387155175209045,-0.3212428390979767,0.12496425211429596,0,-0.03494005650281906,-0.4493512213230133,-0.8926720023155212,0,0.34291723370552063,0.8335984945297241,-0.43303707242012024,0,0,5.231299877166748,0,1,0.9904810190200806,-0.05355435237288475,-0.12680527567863464,0,0.12907451391220093,0.0412706658244133,0.9907759428024292,0,-0.04782702028751373,-0.9977119565010071,0.04779030382633209,0,0,4.76700496673584,0,1,0.9822829365730286,-0.005002125632017851,0.1873391717672348,0,-0.10879110544919968,0.7987430095672607,0.5917559266090393,0,-0.15259580314159393,-0.6016521453857422,0.7840469479560852,0,0,1.9788390398025513,0,1,-0.8451860547065735,-0.23447300493717194,-0.4802950620651245,0,-0.5298995971679688,0.25031089782714844,0.8102781176567078,0,-0.06976523995399475,0.9393437504768372,-0.3358064293861389,0,-1.022987961769104,-0.6898429989814758,-0.09872400015592575,1,0.9942399859428406,0.10436894744634628,-0.02437715046107769,0,0.04746543616056442,-0.6326993107795715,-0.7729416489601135,0,-0.09609448164701462,0.7673322558403015,-0.6340087056159973,0,0,5.234388828277588,0,1,0.9929558634757996,0.007448412477970123,-0.11825031787157059,0,0.11762396991252899,0.05810562148690224,0.9913564324378967,0,0.014255042187869549,-0.9982824921607971,0.05682021751999855,0,0,4.769873142242432,0,1,0.9794729948043823,0.0349658839404583,-0.1985209733247757,0,0.12278587371110916,0.677558958530426,0.7251469492912292,0,0.15986497700214386,-0.7346369624137878,0.6593570113182068,0,0,1.9828089475631714,0,1
K0.101,0.5191365480422974,-0.0543125756084919,0.8529636263847351,0,-0.33202213048934937,0.9067838788032532,0.2598171830177307,0,-0.7875648736953735,-0.4180833399295807,0.45271164178848267,0,0.11188079416751862,5.849597454071045,-0.0740785151720047,1,0.999841034412384,-0.01595449261367321,0.007919983007013798,0,0.016647949814796448,0.9951441287994385,-0.09700573980808258,0,-0.0063338507898151875,0.0971222072839737,0.9952520132064819,0,0,1.2427419424057007,-0.1856590062379837,1,0.9984580278396606,-0.05224212631583214,0.01874805986881256,0,0.04942387342453003,0.9905390739440918,0.12802398204803467,0,-0.02525893785059452,-0.12690001726150513,0.9915939569473267,0,0,1.4659559726715088,0,1,0.9984639883041382,-0.052228737622499466,0.01851380616426468,0,0.04944026097655296,0.9905380010604858,0.12802502512931824,0,-0.025025194510817528,-0.12691296637058258,0.9915980100631714,0,0,1.6753770112991333,0,1,0.8640101552009583,-0.10371235758066177,-0.4926767647266388,0,0.22835536301136017,0.9528366923332214,0.19988848268985748,0,0.4487098157405853,-0.2852111756801605,0.8469442129135132,0,0,1.8847999572753906,0,1,0.9052125811576843,-0.2305240035057068,-0.35699930787086487,0,-0.07033822685480118,0.7472161650657654,-0.660848081111908,0,0.4190968871116638,0.623318612575531,0.6601746678352356,0,0,0.855912983417511,0.3470599949359894,1,0.07246268540620804,0.1658935695886612,-0.9834772348403931,0,0.9336735606193542,-0.35802751779556274,0.008400854654610157,0,-0.35071828961372375,-0.9188555479049683,-0.18083414435386658,0,0.652642011642456,1.576030969619751,-0.03514900058507919,1,0.4847303628921509,0.3934541940689087,0.7811731100082397,0,-0.5488009452819824,0.8322458267211914,-0.07863831520080566,0,-0.6810683608055115,-0.39059001207351685,0.6193426251411438,0,0,1.451390027999878,0,1,0.7784177660942078,0.22171778976917267,-0.587287187576294,0,-0.33183255791664124,0.9394882321357727,-0.08514253795146942,0,0.5328719019889832,0.2611575424671173,0.8048877120018005,0,0,3.2703590393066406,0,1,0.6542996764183044,0.14327648282051086,-0.7425383925437927,0,-0.17356958985328674,0.9841278791427612,0.03694871440529823,0,0.7360470294952393,0.10470660775899887,0.66878342628479,0,0,2.8214590549468994,0,1,0.5107448697090149,0.6426051259040833,-0.5711379051208496,0,-0.6109967827796936,0.738664984703064,0.28470614552497864,0,0.6048330664634705,0.20355115830898285,0.7698988914489746,0,-0.3050509989261627,0.43549299240112305,0,1,0.9433039426803589,-0.3302921652793884,-0.03294619917869568,0,0.32841989398002625,0.9143171310424805,0.236991748213768,0,-0.048153214156627655,-0.23437529802322388,0.9709528684616089,0,-0.06800000369548798,0.4198940098285675,0,1,0.8274779319763184,-0.5603030323982239,-0.03660426661372185,0,0.5490278005599976,0.7937180399894714,0.2618772089481354,0,-0.11767725646495819,-0.2367946356534958,0.9644071459770203,0,-0.004792999941855669,0.4857949912548065,0,1,0.6928542256355286,0.683350682258606,0.23018690943717957,0,-0.6252432465553284,0.41031694412231445,0.6638607382774353,0,0.3591999113559723,-0.6038811802864075,0.7115498185157776,0,0,0.9967560172080994,0,1,0.6631306409835815,0.5961712002754211,0.452591210603714,0,-0.6233117580413818,0.10505596548318863,0.7748841047286987,0,0.41441619396209717,-0.7959547638893127,0.4412662982940674,0,0.060189999639987946,0.5512700080871582,0,1,0.9075199961662292,0.40679502487182617,0.10452122241258621,0,-0.39545488357543945,0.7437472343444824,0.5389387607574463,0,0.14150024950504303,-0.5304312109947205,0.835834801197052,0,-0.026318000629544258,0.4993000030517578,0,1,0.13024085760116577,-0.17368051409721375,0.9761519432067871,0,-0.7918623089790344,-0.6106932163238525,-0.0030043646693229675,0,0.5966504812240601,-0.7725856900215149,-0.21706795692443848,0,-0.652642011642456,1.5792399644851685,-0.05662799999117851,1,0.9683951735496521,-0.05962011218070984,0.24218958616256714,0,0.0130259208381176,0.9817745685577393,0.18960052728652954,0,-0.24907967448234558,-0.18045355379581451,0.951522707939148,0,0,1.451390027999878,0,1,0.924324631690979,-0.3709048628807068,-0.0897466391324997,0,0.3731849193572998,0.9277082681655884,0.00949913915246725,0,0.0797354057431221,-0.04227237403392792,0.9959195852279663,0,0,3.2765069007873535,0,1,0.7341923713684082,-0.000849895179271698,0.6789405345916748,0,-0.0358012393116951,0.9985593557357788,0.039964720606803894,0,-0.6779969334602356,-0.05364875867962837,0.733104944229126,0,0,2.8292040824890137,0,1,0.8277761340141296,-0.5397825241088867,-0.15303972363471985,0,0.5553172826766968,0.8271585702896118,0.08620389550924301,0,0.0800568163394928,-0.1563432514667511,0.9844534993171692,0,0.32116401195526123,0.5079699754714966,0,1,0.9757100939750671,0.21585091948509216,-0.037382759153842926,0,-0.20297081768512726,0.9549691081047058,0.21641753613948822,0,0.08241333812475204,-0.20357322692871094,0.9755848050117493,0,0.08328499644994736,0.4735170006752014,0,1,0.907359778881073,-0.41601496934890747,0.06024946644902229,0,0.42034801840782166,0.8971453905105591,-0.13578522205352783,0,0.0024361517280340195,0.1485317200422287,0.9889042973518372,0,-0.002070999937132001,0.4775800108909607,0,1,0.9879400730133057,-0.14074255526065826,0.06454169005155563,0,0.14054358005523682,0.9900451898574829,0.0076363724656403065,0,-0.06497397273778915,0.0015266429400071502,0.9978860020637512,0,0,1.0201549530029297,0,1,0.987339198589325,0.15862210094928741,-0.0007193100173026323,0,-0.15836642682552338,0.9859856367111206,0.05245865136384964,0,0.009030328132212162,-0.0516805537045002,0.9986224174499512,0,-0.07540299743413925,0.5894140005111694,0,1,0.9999469518661499,0.007825717329978943,-0.006665694992989302,0,-0.007839384488761425,0.9999669194221497,-0.002026822417974472,0,0.006649617571383715,0.002078971592709422,0.9999759793281555,0,0.0557279996573925,0.5480239987373352,0,1,-0.7466315627098083,-0.10669315606355667,0.6566261053085327,0,0.5920565724372864,0.3434981107711792,0.7290253639221191,0,-0.30333176255226135,0.933073103427887,-0.19329805672168732,0,1.022987961769104,-0.6898429989814758,-0.1812169998884201,1,0.9388740062713623,-0.3208329379558563,0.12482481449842453,0,-0.034940607845783234,-0.4495226740837097,-0.8925856947898865,0,0.3424825966358185,0.8336644768714905,-0.43325546383857727,0,0,5.231299877166748,0,1,0.9904878735542297,-0.05344962328672409,-0.12679360806941986,0,0.1290695071220398,0.041515693068504333,0.9907658696174622,0,-0.047692134976387024,-0.9977066516876221,0.04801950603723526,0,0,4.76700496673584,0,1,0.9822829961776733,-0.0050030960701406,0.18733884394168854,0,-0.10879012197256088,0.7987430095672607,0.5917559266090393,0,-0.1525961309671402,-0.6016520857810974,0.7840469479560852,0,0,1.9788390398025513,0,1,-0.8451831936836243,-0.23447027802467346,-0.4803006947040558,0,-0.5299652218818665,0.2511342465877533,0.8099803924560547,0,-0.06929636746644974,0.939124584197998,-0.3365156352519989,0,-1.022987961769104,-0.6898429989814758,-0.09872400015592575,1,0.9942359328269958,0.10440518707036972,-0.02439691312611103,0,0.047466859221458435,-0.6326475739479065,-0.7729843854904175,0,-0.0961381196975708,0.7673699259757996,-0.6339560151100159,0,0,5.234388828277588,0,1,0.9929489493370056,0.007618856616318226,-0.1183018833398819,0,0.11765195429325104,0.05905786156654358,0.9912973642349243,0,0.014539198018610477,-0.9982253909111023,0.05774502456188202,0,0,4.769873142242432,0,1,0.9794729351997375,0.03496573492884636,-0.1985192745923996,0,0.12278474122285843,0.6775588989257812,0.7251471281051636,0,0.15986377000808716,-0.7346369624137878,0.6593571901321411,0,0,1.9828089475631714,0,1
