2.133,30,64,41
B0,mixamorig_Hips,-1,0.9207050204277039,-0.3898031711578369,-0.018882839009165764,0,-0.16636019945144653,-0.348249614238739,-0.9225216507911682,0,0.3530259132385254,0.8525115251541138,-0.38548287749290466,0,-2.410125732421875,2.060229778289795,-12.313202857971191,1
B1,mixamorig_Spine,0,0.9526312351226807,-0.26824671030044556,0.14330966770648956,0,0.22023417055606842,0.9334277510643005,0.2832117974758148,0,-0.20973984897136688,-0.23823468387126923,0.9482893943786621,0,0,1.1871720552444458,-0.18419000506401062,1
B2,mixamorig_Spine1,1,0.995431661605835,-0.06336165219545364,0.07142500579357147,0,0.06116725876927376,0.9975979924201965,0.03250447288155556,0,-0.07331299036741257,-0.02798711508512497,0.9969164729118347,0,0,1.4016029834747314,0,1
B3,mixamorig_Spine2,2,0.9957510828971863,-0.05621293932199478,0.07293697446584702,0,0.05377272516489029,0.99793940782547,0.035000868141651154,0,-0.07475420087575912,-0.030930139124393463,0.9967222213745117,0,0,1.6018329858779907,0,1
B4,mixamorig_Neck,3,0.996400773525238,-0.083195261657238,-0.016263172030448914,0,0.0817958414554596,0.9939552545547485,-0.07322828471660614,0,0.022257111966609955,0.07163446396589279,0.9971828460693359,0,0,1.8020609617233276,0,1
B5,mixamorig_Head,4,0.8917702436447144,-0.3080286979675293,-0.3314577043056488,0,0.35094186663627625,0.9332321882247925,0.07692455500364304,0,0.28563207387924194,-0.18492144346237183,0.9403290152549744,0,0,0.876151978969574,0.3483310043811798,1
B6,mixamorig_HeadTop_End,5,1,0,0,0,0,1,0,0,0,0,1,0,0,2.8381810188293457,1.1283719539642334,1
B7,mixamorig_LeftShoulder,3,-0.05013280734419823,0.03868788853287697,-0.9979932308197021,0,0.9769850373268127,-0.20553869009017944,-0.05704532563686371,0,-0.20733307301998138,-0.9778838753700256,-0.027493266388773918,0,0.6684079766273499,1.4949359893798828,-0.03617100045084953,1
B8,mixamorig_LeftArm,7,0.33955058455467224,-0.06540533155202866,-0.9383106827735901,0,0.07226323336362839,0.9964451789855957,-0.043307408690452576,0,0.9378078579902649,-0.05310032144188881,0.34306997060775757,0,0,1.5037169456481934,0,1
B9,mixamorig_LeftForeArm,8,0.9679900407791138,0.2509070336818695,-0.006399054080247879,0,-0.2509831190109253,0.967823326587677,-0.01804789900779724,0,0.0016648087184876204,0.019076241180300713,0.9998167753219604,0,0,3.3016510009765625,0,1
B10,mixamorig_LeftHand,9,0.9860156774520874,0.14835265278816223,0.0759243369102478,0,-0.15565864741802216,0.982570230960846,0.10161386430263519,0,-0.05952633544802666,-0.11201118677854538,0.9919224381446838,0,0,2.7329390048980713,0,1
B11,mixamorig_LeftHandThumb1,10,0.8265144228935242,0.5626087784767151,0.0186007097363472,0,-0.5406669974327087,0.8026111125946045,-0.2519809305667877,0,-0.15669576823711395,0.1982090026140213,0.9675533771514893,0,-0.31367599964141846,0.46373501420021057,0,1
B12,mixamorig_LeftHandThumb2,11,0.9596812725067139,-0.2730899453163147,-0.06658826023340225,0,0.2734178900718689,0.8519415855407715,0.4465855658054352,0,-0.06522869318723679,-0.446786105632782,0.8922598361968994,0,-0.06563899666070938,0.4430510103702545,0,1
B13,mixamorig_LeftHandThumb3,12,0.9460320472717285,-0.32298269867897034,0.02656044065952301,0,0.32123446464538574,0.9454150199890137,0.054766375571489334,0,-0.0427992157638073,-0.04327859729528427,0.9981456995010376,0,0.0031789999920874834,0.48552098870277405,0,1
B14,mixamorig_LeftHandThumb4,13,1,0,0,0,0,1,0,0,0,0,1,0,0.062460001558065414,0.4080809950828552,0,1
B15,mixamorig_LeftHandIndex1,10,0.9254381060600281,0.3788347542285919,0.0069280085153877735,0,-0.37858670949935913,0.9237818717956543,0.05743671581149101,0,0.015359058044850826,-0.05577699840068817,0.9983251094818115,0,0,0.9771119952201843,0,1
B16,mixamorig_LeftHandIndex2,15,0.9828536510467529,0.1801331639289856,0.03937193378806114,0,-0.18312041461467743,0.928623378276825,0.32268378138542175,0,0.021564366295933723,-0.3243609368801117,0.9456875324249268,0,0.05210400000214577,0.5617660284042358,0,1
B17,mixamorig_LeftHandIndex3,16,0.9539268612861633,0.2985278367996216,0.030074363574385643,0,-0.29432064294815063,0.9115580320358276,0.2871190011501312,0,0.05829848349094391,-0.2827419936656952,0.9574224948883057,0,-0.029978999868035316,0.5294229984283447,0,1
B18,mixamorig_LeftHandIndex4,17,1,0,0,0,0,1,0,0,0,0,1,0,-0.02212500013411045,0.491921991109848,0,1
B19,mixamorig_RightShoulder,3,-0.10621681064367294,-0.00929715484380722,0.9942994713783264,0,-0.9234321713447571,-0.36992886662483215,-0.10210532695055008,0,0.36876946687698364,-0.9290138483047485,0.03070731647312641,0,-0.6684079766273499,1.4984140396118164,-0.058591000735759735,1
B20,mixamorig_RightArm,19,0.37483304738998413,-0.1403397172689438,0.916408896446228,0,-0.1223684772849083,0.9723385572433472,0.19895648956298828,0,-0.9189811944961548,-0.1867150217294693,0.3472914695739746,0,0,1.5037169456481934,0,1
B21,mixamorig_RightForeArm,20,0.8872581124305725,-0.4611301124095917,0.011472104117274284,0,0.4612715244293213,0.8869225382804871,-0.02442607842385769,0,0.0010887340176850557,0.02696399763226509,0.9996356964111328,0,0,3.307734966278076,0,1
B22,mixamorig_RightHand,21,0.9669077396392822,-0.001099221408367157,-0.255123496055603,0,-0.014041452668607235,0.9982454776763916,-0.05751756206154823,0,0.2547391355037689,0.05919649079442024,0.9651960134506226,0,0,2.741194009780884,0,1
B23,mixamorig_RightHandThumb1,22,0.8429831266403198,-0.5379374623298645,-0.0015246730763465166,0,0.5093201398849487,0.7990436553955078,-0.31956544518470764,0,0.1731245070695877,0.26861175894737244,0.9475627541542053,0,0.31780698895454407,0.5204169750213623,0,1
B24,mixamorig_RightHandThumb2,23,0.9994081258773804,0.013196277432143688,-0.03176199272274971,0,-0.0054674153216183186,0.9726797342300415,0.23208783566951752,0,0.033956944942474365,-0.23177683353424072,0.9721762537956238,0,0.08337199687957764,0.4806489944458008,0,1
B25,mixamorig_RightHandThumb3,24,0.9975784420967102,-0.051293808966875076,0.04696524143218994,0,0.05596790835261345,0.9929680228233337,-0.10431694239377975,0,-0.04128418490290642,0.10669293254613876,0.9934346675872803,0,0.015426999889314175,0.47726699709892273,0,1
B26,mixamorig_RightHandThumb4,25,1,0,0,0,0,1,0,0,0,0,1,0,-0.09879899770021439,0.36491599678993225,0,1
B27,mixamorig_RightHandIndex1,22,0.897346019744873,-0.43921124935150146,-0.043163083493709564,0,0.43665772676467896,0.8694057464599609,0.23122304677963257,0,-0.06402952969074249,-0.2263345569372177,0.9719427227973938,0,0,1.004459023475647,0,1
B28,mixamorig_RightHandIndex2,27,0.9658582806587219,-0.2527430057525635,-0.05691460147500038,0,0.2565440535545349,0.9024549126625061,0.3460630476474762,0,-0.03610215708613396,-0.34884899854660034,0.9364834427833557,0,-0.05621400102972984,0.588358998298645,0,1
B29,mixamorig_RightHandIndex3,28,0.9300282597541809,-0.3649809956550598,-0.04284745082259178,0,0.35922732949256897,0.878341019153595,0.31539344787597656,0,-0.07747793942689896,-0.3087167739868164,0.9479929804801941,0,0.03230699896812439,0.5530980229377747,0,1
B30,mixamorig_RightHandIndex4,29,1,0,0,0,0,1,0,0,0,0,1,0,0.02390800043940544,0.4435960054397583,0,1
B31,mixamorig_LeftUpLeg,0,-0.5321150422096252,-0.5312774777412415,0.6592404246330261,0,0.8088746070861816,-0.5490370392799377,0.21042901277542114,0,0.250151127576828,0.6452151536941528,0.721887469291687,0,1.0144129991531372,-0.6594070196151733,-0.17839199304580688,1
B32,mixamorig_LeftLeg,31,0.9838871359825134,0.16449962556362152,0.07003886252641678,0,-0.06581844389438629,0.6974830627441406,-0.7135723233222961,0,-0.16623333096504211,0.6974649429321289,0.6970718502998352,0,0,5.199635982513428,0,1
B33,mixamorig_LeftFoot,32,0.9843910932540894,-0.16412828862667084,0.06353017687797546,0,0.04675442352890968,0.5918853282928467,0.8046647906303406,0,-0.16967085003852844,-0.7891345620155334,0.5903204679489136,0,0,5.087769031524658,0,1
B34,mixamorig_LeftToeBase,33,0.9826756715774536,-0.0023564877919852734,0.18531933426856995,0,-0.10713230073451996,0.8087138533592224,0.5783639550209045,0,-0.15123316645622253,-0.588197648525238,0.7944507002830505,0,0,1.9792859554290771,0,1
B35,mixamorig_LeftToe_End,34,1,0,0,0,0,1,0,0,0,0,1,0,0,0.7514510154724121,0,1
B36,mixamorig_RightUpLeg,0,-0.8886460661888123,0.3667628765106201,-0.27530673146247864,0,-0.4364493787288666,-0.8606764674186707,0.2621977627277374,0,-0.1407855749130249,0.3531583547592163,0.924909770488739,0,-1.0144129991531372,-0.6594070196151733,-0.1146169975399971,1
B37,mixamorig_RightLeg,36,0.9978516101837158,0.06543528288602829,0.003254897892475128,0,0.03295549750328064,-0.4583745300769806,-0.8881482481956482,0,-0.056624237447977066,0.8863468766212463,-0.45954594016075134,0,0,5.200582981109619,0,1
B38,mixamorig_RightFoot,37,0.997776985168457,0.04627038910984993,-0.04796277731657028,0,-0.005315281450748444,0.7726491689682007,0.6348114013671875,0,0.06643137335777283,-0.633145272731781,0.7711775898933411,0,0,5.092588901519775,0,1
B39,mixamorig_RightToeBase,38,0.9825199842453003,2.2202847560492955e-7,-0.1861547827720642,0,0.1069992184638977,0.8183029294013977,0.564740002155304,0,0.15233120322227478,-0.5747870802879333,0.8039994239807129,0,0,1.9834200143814087,0,1
B40,mixamorig_RightToe_End,39,1,0,0,0,0,1,0,0,0,0,1,0,0,0.7490540146827698,0,1
@34,0,1,2,3,4,5,7,8,9,10,11,12,13,15,16,17,19,20,21,22,23,24,25,27,28,29,31,32,33,34,36,37,38,39
K0.000,0.5920469760894775,0.11525645107030869,0.7976189255714417,0,0.020294466987252235,0.9872740507125854,-0.15772566199302673,0,-0.8056479692459106,0.10956834256649017,0.5821739435195923,0,-0.12753400206565857,10.901264190673828,0.03163899853825569,1,0.9984199404716492,-0.05171100050210953,-0.021989628672599792,0,0.050850000232458115,0.9979810118675232,-0.038060665130615234,0,0.023913370445370674,0.03688232973217964,0.9990329742431641,0,0,1.1871720552444458,-0.18419000506401062,1,0.9954100251197815,-0.07528699934482574,-0.05909089744091034,0,0.08691099286079407,0.9696149826049805,0.2286759316921234,0,0.04007910564541817,-0.23276203870773315,0.9717079997062683,0,0,1.4016029834747314,0,1,0.9954100251197815,-0.07528699934482574,-0.05909089744091034,0,0.08691099286079407,0.9696149826049805,0.2286759316921234,0,0.04007910564541817,-0.23276203870773315,0.9717079997062683,0,0,1.6018329858779907,0,1,0.9989320635795593,0.0021539046429097652,-0.04616386070847511,0,0.008130905218422413,0.9751399755477905,0.22144119441509247,0,0.04549314081668854,-0.22157983481884003,0.9740800261497498,0,0,1.8020609617233276,0,1,0.7550100088119507,-0.1901213675737381,-0.6275457739830017,0,0.0710625872015953,0.9751309156417847,-0.20992931723594666,0,0.6518511176109314,0.11390367895364761,0.7497438788414001,0,0,0.876151978969574,0.3483310043811798,1,0.10752244293689728,-0.013206252828240395,-0.9941150546073914,0,0.9904468655586243,-0.08540979027748108,0.10826028138399124,0,-0.08633686602115631,-0.9962579607963562,0.0038966576103121042,0,0.6684079766273499,1.4949359893798828,-0.03617100045084953,1,0.9584600925445557,-0.20854060351848602,0.19458778202533722,0,-0.014880597591400146,0.6447349190711975,0.7642610669136047,0,-0.2848372161388397,-0.7354099154472351,0.6148499250411987,0,0,1.5037169456481934,0,1,-0.5836131572723389,0.8034158945083618,-0.11797497421503067,0,-0.8036601543426514,-0.5922767519950867,-0.0577910915017128,0,-0.11630402505397797,0.061084091663360596,0.9913330078125,0,0,3.3016510009765625,0,1,0.7817000150680542,0.10931674391031265,-0.6139990091323853,0,-0.10422825068235397,0.9935709834098816,0.04419993609189987,0,0.6148830652236938,0.02944493293762207,0.7880679368972778,0,0,2.7329390048980713,0,1,0.946222186088562,0.3228667676448822,0.02052297815680504,0,-0.3206842243671417,0.9444218873977661,-0.0723043829202652,0,-0.0427270233631134,0.061834607273340225,0.9971710443496704,0,-0.31367599964141846,0.46373501420021057,0,1,0.977725088596344,-0.1749575436115265,0.11595030128955841,0,0.04953145980834961,0.7291526794433594,0.6825562119483948,0,-0.20396371185779572,-0.6616087555885315,0.7215762734413147,0,-0.06563899666070938,0.4430510103702545,0,1,0.9369950890541077,-0.3291577994823456,-0.1170249730348587,0,0.3393332362174988,0.937174916267395,0.08096688985824585,0,0.08302202820777893,-0.11557610332965851,0.9898229837417603,0,0.0031789999920874834,0.48552098870277405,0,1,0.5797942280769348,0.6795850396156311,0.4494466483592987,0,-0.5295881032943726,-0.10487016290426254,0.8417469263076782,0,0.6191726326942444,-0.7260621786117554,0.2990972697734833,0,0,0.9771119952201843,0,1,0.4603365361690521,0.6545581817626953,0.5997031331062317,0,-0.67955482006073,-0.1748567670583725,0.7124822735786438,0,0.5712231397628784,-0.7355127930641174,0.3643151819705963,0,0.05210400000214577,0.5617660284042358,0,1,0.5622950196266174,0.7254889011383057,0.3968500792980194,0,-0.682326078414917,0.13592322170734406,0.7183009386062622,0,0.4671781063079834,-0.6746780872344971,0.571448802947998,0,-0.029978999868035316,0.5294229984283447,0,1,0.39981210231781006,-0.14621472358703613,0.9048598408699036,0,-0.8780015707015991,-0.34454330801963806,0.3322705924510956,0,0.2631804645061493,-0.9273137450218201,-0.26612919569015503,0,-0.6684079766273499,1.4984140396118164,-0.058591000735759735,1,0.6029413342475891,-0.7320176959037781,-0.31719204783439636,0,0.7971103191375732,0.536415696144104,0.2772608697414398,0,-0.03281307592988014,-0.420009046792984,0.9069259166717529,0,0,1.5037169456481934,0,1,-0.34708598256111145,-0.9346810579299927,0.07683516293764114,0,0.9349669814109802,-0.35126209259033203,-0.049509819597005844,0,0.07326516509056091,0.05465417355298996,0.9958140254020691,0,0,3.307734966278076,0,1,0.8494519591331482,-0.3749329447746277,0.3712901473045349,0,0.3646460473537445,0.9257029294967651,0.10053382068872452,0,-0.3813978135585785,0.049990832805633545,0.923058032989502,0,0,2.741194009780884,0,1,0.974157989025116,-0.21139110624790192,-0.07955645769834518,0,0.18810786306858063,0.9542829990386963,-0.2322898507118225,0,0.12502354383468628,0.21132208406925201,0.9693880081176758,0,0.31780698895454407,0.5204169750213623,0,1,0.9757059812545776,0.19506539404392242,-0.09973762929439545,0,-0.07006963342428207,0.7091817855834961,0.7015352249145508,0,0.2075773924589157,-0.6775037050247192,0.7056212425231934,0,0.08337199687957764,0.4806489944458008,0,1,0.9596350789070129,0.26185911893844604,0.10261879116296768,0,-0.2763059437274933,0.9458790421485901,0.17020107805728912,0,-0.05249621346592903,-0.19168493151664734,0.9800509810447693,0,0.015426999889314175,0.47726699709892273,0,1,0.5179409980773926,-0.7273519039154053,-0.45021724700927734,0,0.5707561373710632,-0.09818100929260254,0.8152289986610413,0,-0.6371612548828125,-0.6792049407958984,0.3642886281013489,0,0,1.004459023475647,0,1,0.38414058089256287,-0.7055861949920654,-0.5954689979553223,0,0.7285237908363342,-0.16455568373203278,0.6649612188339233,0,-0.5671759247779846,-0.6892526745796204,0.4508243799209595,0,-0.05621400102972984,0.588358998298645,0,1,0.5093182921409607,-0.7676109075546265,-0.3890608847141266,0,0.7262511849403381,0.1408461630344391,0.672845721244812,0,-0.4616858661174774,-0.625248372554779,0.6292136907577515,0,0.03230699896812439,0.5530980229377747,0,1,-0.9109920859336853,-0.1956440657377243,0.3630652129650116,0,0.31353896856307983,-0.9004371166229248,0.3015059530735016,0,0.2679298222064972,0.38850510120391846,0.8816340565681458,0,1.0144129991531372,-0.6594070196151733,-0.17839199304580688,1,0.9978669881820679,-0.05857395380735397,-0.028820153325796127,0,0.02208804152905941,0.7183940410614014,-0.6952860355377197,0,0.06142984330654144,0.6931660175323486,0.718155026435852,0,0,5.199635982513428,0,1,0.9856089949607849,-0.1645079106092453,0.03888493776321411,0,0.0382050946354866,0.44086480140686035,0.8967600464820862,0,-0.1646670550107956,-0.8823688626289368,0.44080522656440735,0,0,5.087769031524658,0,1,0.9822530746459961,-0.006786005571484566,0.18743965029716492,0,-0.10913799703121185,0.7920668721199036,0.6005991697311401,0,-0.15254032611846924,-0.6103968024253845,0.7772690653800964,0,0,1.9792859554290771,0,1,-0.9351980686187744,0.31646379828453064,-0.15891847014427185,0,-0.35353222489356995,-0.8602979183197021,0.36729222536087036,0,-0.02048252895474434,0.39967378973960876,0.9164290428161621,0,-1.0144129991531372,-0.6594070196151733,-0.1146169975399971,1,0.9905909895896912,-0.040338948369026184,0.13077564537525177,0,0.12907904386520386,0.5929214358329773,-0.7948476076126099,0,-0.04547635465860367,0.8042492866516113,0.5925495624542236,0,0,5.200582981109619,0,1,0.9767940044403076,0.21335799992084503,-0.0187763012945652,0,-0.03587499260902405,0.2494068443775177,0.9677339792251587,0,0.2111566960811615,-0.9446030259132385,0.2512732744216919,0,0,5.092588901519775,0,1,0.981916069984436,0.006306127645075321,-0.18921083211898804,0,0.10984212160110474,0.7950409650802612,0.5965269804000854,0,0.15419217944145203,-0.6065229177474976,0.7799710035324097,0,0,1.9834200143814087,0,1
K0.034,0.6145130395889282,0.13059461116790771,0.7780231237411499,0,0.009767378680408001,0.9848682284355164,-0.1730291247367859,0,-0.7888466715812683,0.11392787098884583,0.6039385795593262,0,-0.2658381462097168,10.90855598449707,-0.17537781596183777,1,0.9970472455024719,-0.07543031871318817,-0.014397704973816872,0,0.07514379918575287,0.9969817996025085,-0.019499000161886215,0,0.0158250629901886,0.018359525129199028,0.9997060298919678,0,0,1.1871720552444458,-0.18419000506401062,1,0.9953577518463135,-0.07856858521699905,-0.05558973550796509,0,0.08932296186685562,0.9691903591156006,0.2295457273721695,0,0.03584194928407669,-0.23344552516937256,0.9717090129852295,0,0,1.4016029834747314,0,1,0.9953293800354004,-0.07840091735124588,-0.056333377957344055,0,0.08932645618915558,0.9692350029945374,0.22935490310192108,0,0.03661864995956421,-0.23331575095653534,0.9717113971710205,0,0,1.6018329858779907,0,1,0.9989553093910217,0.0011887941509485245,-0.0456797294318676,0,0.008933942764997482,0.9752882122993469,0.2207549810409546,0,0.044813357293605804,-0.22093260288238525,0.9742593765258789,0,0,1.8020609617233276,0,1,0.766915500164032,-0.19825387001037598,-0.6103566884994507,0,0.09457848221063614,0.9756169319152832,-0.19805815815925598,0,0.6347399353981018,0.09416723996400833,0.7669660449028015,0,0,0.876151978969574,0.3483310043811798,1,0.10710878670215607,-0.020532842725515366,-0.9940349459648132,0,0.9841082096099854,-0.14023040235042572,0.10893580317497253,0,-0.14163067936897278,-0.9899061322212219,0.005186594091355801,0,0.6684079766273499,1.4949359893798828,-0.03617100045084953,1,0.9622983932495117,-0.25255584716796875,0.10097759962081909,0,0.09161586314439774,0.6505216956138611,0.7539420127868652,0,-0.25610071420669556,-0.7162664532661438,0.6491344571113586,0,0,1.5037169456481934,0,1,-0.6191719770431519,0.7759504914283752,-0.12053237110376358,0,-0.7761855125427246,-0.6280297040939331,-0.055815909057855606,0,-0.11900819838047028,0.05899578332901001,0.9911391139030457,0,0,3.3016510009765625,0,1,0.843998372554779,-0.2293655276298523,-0.4848269820213318,0,0.11178072541952133,0.959319531917572,-0.2592514157295227,0,0.5245674848556519,0.1646135151386261,0.8353030681610107,0,0,2.7329390048980713,0,1,0.9434841275215149,0.3307627737522125,0.020824212580919266,0,-0.3282791078090668,0.9413297772407532,-0.07830744981765747,0,-0.04550360143184662,0.06704562157392502,0.9967113137245178,0,-0.31367599964141846,0.46373501420021057,0,1,0.9776681661605835,-0.17597968876361847,0.11487214267253876,0,0.05088568106293678,0.7285783290863037,0.68306964635849,0,-0.20389984548091888,-0.6619704961776733,0.72126305103302,0,-0.06563899666070938,0.4430510103702545,0,1,0.9366217255592346,-0.33031165599823,-0.11676546186208725,0,0.3405199646949768,0.9366786479949951,0.08172352612018585,0,0.08237744867801666,-0.11630497127771378,0.9897909760475159,0,0.0031789999920874834,0.48552098870277405,0,1,0.5916229486465454,0.6767975091934204,0.43809545040130615,0,-0.5408864617347717,-0.06975475698709488,0.8381980061531067,0,0.5978497862815857,-0.732857346534729,0.3248022198677063,0,0,0.9771119952201843,0,1,0.4673182964324951,0.6557967066764832,0.5929117798805237,0,-0.6805630922317505,-0.16122712194919586,0.714729905128479,0,0.5643109083175659,-0.7375200390815735,0.3709666430950165,0,0.05210400000214577,0.5617660284042358,0,1,0.5686033368110657,0.723940372467041,0.39064085483551025,0,-0.6814130544662476,0.14847804605960846,0.7166799902915955,0,0.4608321189880371,-0.6736946105957031,0.5777276754379272,0,-0.029978999868035316,0.5294229984283447,0,1,0.3980507552623749,-0.14504140615463257,0.9058247208595276,0,-0.8825432658195496,-0.33001095056533813,0.3349783718585968,0,0.25034627318382263,-0.9327675104141235,-0.2593662738800049,0,-0.6684079766273499,1.4984140396118164,-0.058591000735759735,1,0.5855355262756348,-0.7416878938674927,-0.327181339263916,0,0.8070458173751831,0.4953453540802002,0.3214191496372223,0,-0.07632490247488022,-0.45225220918655396,0.8886175751686096,0,0,1.5037169456481934,0,1,-0.25544077157974243,-0.964141845703125,0.07198230177164078,0,0.9644370675086975,-0.25933194160461426,-0.051070719957351685,0,0.06790667027235031,0.05637682229280472,0.996097207069397,0,0,3.307734966278076,0,1,0.8674812912940979,-0.28244659304618835,0.40951159596443176,0,0.2508010268211365,0.9592275023460388,0.13031461834907532,0,-0.4296216070652008,-0.01033955067396164,0.9029495120048523,0,0,2.741194009780884,0,1,0.9727034568786621,-0.2182304710149765,-0.078886479139328,0,0.19430401921272278,0.9518190026283264,-0.23724880814552307,0,0.1268605887889862,0.21544480323791504,0.9682408571243286,0,0.31780698895454407,0.5204169750213623,0,1,0.9760987162590027,0.19165033102035522,-0.10248145461082458,0,-0.0667305663228035,0.7130643725395203,0.6979154944419861,0,0.20683149993419647,-0.6743954420089722,0.7088097929954529,0,0.08337199687957764,0.4806489944458008,0,1,0.9609023332595825,0.2571532130241394,0.10265634208917618,0,-0.2714839577674866,0.9478896260261536,0.16673806309700012,0,-0.05442965030670166,-0.188088521361351,0.9806421995162964,0,0.015426999889314175,0.47726699709892273,0,1,0.5330461263656616,-0.7249637842178345,-0.4362214505672455,0,0.5778969526290894,-0.06461188197135925,0.8135478496551514,0,-0.6179776787757874,-0.6857495307922363,0.38451316952705383,0,0,1.004459023475647,0,1,0.39234307408332825,-0.7069107294082642,-0.5885105133056641,0,0.7296395301818848,-0.15039972960948944,0.6670877933502197,0,-0.5600832104682922,-0.6911276578903198,0.4567815661430359,0,-0.05621400102972984,0.588358998298645,0,1,0.5166972279548645,-0.7658663988113403,-0.3827179968357086,0,0.7251342535018921,0.15379948914051056,0.6712121963500977,0,-0.45519697666168213,-0.6243353486061096,0.6348236799240112,0,0.03230699896812439,0.5530980229377747,0,1,-0.9240232706069946,-0.1891980767250061,0.33224260807037354,0,0.29194676876068115,-0.9102553725242615,0.293601930141449,0,0.2468767911195755,0.36829227209091187,0.8963332772254944,0,1.0144129991531372,-0.6594070196151733,-0.17839199304580688,1,0.9980325698852539,-0.03981943055987358,-0.048431891947984695,0,-0.0014974360819905996,0.7570858597755432,-0.6533136367797852,0,0.0626816600561142,0.6521006226539612,0.7555364966392517,0,0,5.199635982513428,0,1,0.9794154763221741,-0.1939983367919922,0.05577191710472107,0,0.04419012740254402,0.47565966844558716,0.87851881980896,0,-0.19695964455604553,-0.8579702973365784,0.4744412302970886,0,0,5.087769031524658,0,1,0.9814051389694214,-0.01580287702381611,0.1912960261106491,0,-0.11325303465127945,0.756974458694458,0.6435548663139343,0,-0.1549762636423111,-0.6532531380653381,0.7411091327667236,0,0,1.9792859554290771,0,1,-0.9357239007949829,0.3135683238506317,-0.16154280304908752,0,-0.3519793152809143,-0.8599829077720642,0.3695123791694641,0,-0.023056698963046074,0.4026213586330414,0.9150764346122742,0,-1.0144129991531372,-0.6594070196151733,-0.1146169975399971,1,0.9924157857894897,-0.038698259741067886,0.116677425801754,0,0.11796487122774124,0.5667738914489746,-0.815385103225708,0,-0.03457571566104889,0.822964608669281,0.5670400857925415,0,0,5.200582981109619,0,1,0.9839653968811035,0.1699058711528778,-0.05426826700568199,0,0.01553073339164257,0.2214873880147934,0.9750398397445679,0,0.1776846945285797,-0.9602480530738831,0.21529710292816162,0,0,5.092588901519775,0,1,0.9820002317428589,0.0054206992499530315,-0.1888006031513214,0,0.10944216698408127,0.7983550429344177,0.5921584963798523,0,0.15393990278244019,-0.602162778377533,0.7833919525146484,0,0,1.9834200143814087,0,1
K0.068,0.6651264429092407,0.1373496651649475,0.733990490436554,0,-0.006911971140652895,0.9840291142463684,-0.17787523567676544,0,-0.7466989755630493,0.11323618143796921,0.6554530262947083,0,-0.3753368556499481,10.937738418579102,-0.4981294870376587,1,0.9952788352966309,-0.09380600601434708,-0.024910282343626022,0,0.09482722729444504,0.9945391416549683,0.04358762502670288,0,0.020685475319623947,-0.045744020491838455,0.9987393617630005,0,0,1.1871720552444458,-0.18419000506401062,1,0.994796633720398,-0.08528323471546173,-0.0557420589029789,0,0.09606201946735382,0.9674180746078491,0.23425088822841644,0,0.03394819051027298,-0.2383865863084793,0.970576286315918,0,0,1.4016029834747314,0,1,0.9948093295097351,-0.08487359434366226,-0.0561298131942749,0,0.0957576110959053,0.9674403667449951,0.23428581655025482,0,0.034417569637298584,-0.23844458162784576,0.9705460667610168,0,0,1.6018329858779907,0,1,0.9992741346359253,-0.0003596768365241587,-0.03809862211346626,0,0.0082029914483428,0.9785355925559998,0.20591507852077484,0,0.03720676898956299,-0.2060779631137848,0.9778275489807129,0,0,1.8020609617233276,0,1,0.8324651122093201,-0.2308274507522583,-0.5037067532539368,0,0.11071127653121948,0.9600542783737183,-0.25698205828666687,0,0.542904257774353,0.15816257894039154,0.8247668147087097,0,0,0.876151978969574,0.3483310043811798,1,0.12966394424438477,-0.0184268020093441,-0.9913867712020874,0,0.9797472357749939,-0.1514754295349121,0.13095706701278687,0,-0.15258383750915527,-0.9882888793945312,-0.0015873180236667395,0,0.6684079766273499,1.4949359893798828,-0.03617100045084953,1,0.9719342589378357,-0.22388753294944763,0.07223992049694061,0,0.10572674870491028,0.690014123916626,0.7160322070121765,0,-0.21015726029872894,-0.6882985234260559,0.6943192481994629,0,0,1.5037169456481934,0,1,-0.6402227878570557,0.7584314346313477,-0.12204565107822418,0,-0.7586617469787598,-0.6491960883140564,-0.0545552596449852,0,-0.1206081435084343,0.05766391381621361,0.991024374961853,0,0,3.3016510009765625,0,1,0.8440377712249756,-0.5045244693756104,-0.18181201815605164,0,0.35791704058647156,0.7824211716651917,-0.5096202492713928,0,0.3993694484233856,0.3650650978088379,0.8409708738327026,0,0,2.7329390048980713,0,1,0.9374148845672607,0.34756195545196533,0.021293340250849724,0,-0.34437355399131775,0.9343988299369812,-0.0911354124546051,0,-0.05157169699668884,0.07809886336326599,0.9956109523773193,0,-0.31367599964141846,0.46373501420021057,0,1,0.9775439500808716,-0.17816317081451416,0.11254619807004929,0,0.05380002036690712,0.727363109588623,0.6841405630111694,0,-0.20375043153762817,-0.6627219319343567,0.7206140160560608,0,-0.06563899666070938,0.4430510103702545,0,1,0.935820996761322,-0.3327704966068268,-0.11619874089956284,0,0.34304481744766235,0.9356153607368469,0.08333442360162735,0,0.08098610490560532,-0.1178474873304367,0.989723801612854,0,0.0031789999920874834,0.48552098870277405,0,1,0.616352915763855,0.6699708700180054,0.41382160782814026,0,-0.5619158744812012,0.006025222130119801,0.8271722793579102,0,0.5516878366470337,-0.7423627376556396,0.38018083572387695,0,0,0.9771119952201843,0,1,0.48230573534965515,0.6579992175102234,0.5782889723777771,0,-0.6822679042816162,-0.1318989247083664,0.7191060781478882,0,0.5494468808174133,-0.7413768172264099,0.3853161036968231,0,0.05210400000214577,0.5617660284042358,0,1,0.5820773243904114,0.7202464938163757,0.377400279045105,0,-0.6790767312049866,0.1752907633781433,0.7128310203552246,0,0.4472593069076538,-0.671206533908844,0.5911354422569275,0,-0.029978999868035316,0.5294229984283447,0,1,0.39749011397361755,-0.14494022727012634,0.9060871005058289,0,-0.8921958208084106,-0.2918163239955902,0.3447164297103882,0,0.21444781124591827,-0.9454288482666016,-0.2453092783689499,0,-0.6684079766273499,1.4984140396118164,-0.058591000735759735,1,0.5710688233375549,-0.7284398674964905,-0.3784918189048767,0,0.8175921440124512,0.4633375406265259,0.3418511152267456,0,-0.07364844530820847,-0.5046721696853638,0.8601638674736023,0,0,1.5037169456481934,0,1,-0.16719289124011993,-0.9836243987083435,0.06730908155441284,0,0.9839255213737488,-0.17080941796302795,-0.05210213363170624,0,0.06274595111608505,0.05751601234078407,0.9963712096214294,0,0,3.307734966278076,0,1,0.8745375871658325,-0.17759323120117188,0.45126935839653015,0,0.10304635763168335,0.977335512638092,0.18492336571216583,0,-0.4738830626010895,-0.11522085964679718,0.8730175495147705,0,0,2.741194009780884,0,1,0.9694470167160034,-0.23279321193695068,-0.07732842862606049,0,0.20747224986553192,0.9463256597518921,-0.24783706665039062,0,0.1308726817369461,0.22422145307064056,0.9657109379768372,0,0.31780698895454407,0.5204169750213623,0,1,0.97688889503479,0.18427245318889618,-0.10831437259912491,0,-0.05954291671514511,0.7212809920310974,0.6900784969329834,0,0.20528756082057953,-0.6676806807518005,0.7155835032463074,0,0.08337199687957764,0.4806489944458008,0,1,0.9635325074195862,0.2470567226409912,0.10280054807662964,0,-0.26111558079719543,0.9520692229270935,0.15932057797908783,0,-0.05851203575730324,-0.18035343289375305,0.981860339641571,0,0.015426999889314175,0.47726699709892273,0,1,0.564972996711731,-0.7181050777435303,-0.40636250376701355,0,0.5902999639511108,0.007671560626477003,0.8071476817131042,0,-0.5764992237091064,-0.6958922743797302,0.42823150753974915,0,0,1.004459023475647,0,1,0.40997371077537537,-0.7092313766479492,-0.5735080242156982,0,0.7315070033073425,-0.11990980058908463,0.6712067127227783,0,-0.5448105335235596,-0.6947028636932373,0.46964824199676514,0,-0.05621400102972984,0.588358998298645,0,1,0.5324727892875671,-0.7616949081420898,-0.3691791296005249,0,0.72230464220047,0.18149113655090332,0.6673364639282227,0,-0.44130387902259827,-0.6219980716705322,0.6468145847320557,0,0.03230699896812439,0.5530980229377747,0,1,-0.9439499974250793,-0.18581905961036682,0.27281755208969116,0,0.27412310242652893,-0.9017233848571777,0.3342934548854828,0,0.18388791382312775,0.39034199714660645,0.9021192193031311,0,1.0144129991531372,-0.6594070196151733,-0.17839199304580688,1,0.9984320998191833,0.004482809919863939,-0.05579531565308571,0,-0.037798039615154266,0.7892006635665894,-0.6129714846611023,0,0.04128585383296013,0.6141192317008972,0.7881324887275696,0,0,5.199635982513428,0,1,0.9681081771850586,-0.24669809639453888,0.043672896921634674,0,0.11826366931200027,0.6036704182624817,0.7884138822555542,0,-0.22086408734321594,-0.7581044435501099,0.6135932207107544,0,0,5.087769031524658,0,1,0.9809075593948364,-0.022869400680065155,0.19312457740306854,0,-0.11695165187120438,0.724054753780365,0.6797552704811096,0,-0.15537837147712708,-0.6893633008003235,0.7075561881065369,0,0,1.9792859554290771,0,1,-0.9388850927352905,0.301261842250824,-0.16654396057128906,0,-0.3427673876285553,-0.8627697229385376,0.3716711401939392,0,-0.03171873837709427,0.4060419201850891,0.9133034348487854,0,-1.0144129991531372,-0.6594070196151733,-0.1146169975399971,1,0.9949852824211121,-0.02697007916867733,0.0963163822889328,0,0.0953432247042656,0.5467925071716309,-0.831821858882904,0,-0.030230769887566566,0.8368335962295532,0.5466218590736389,0,0,5.200582981109619,0,1,0.9825628399848938,0.14012004435062408,-0.12221404165029526,0,0.09100928902626038,0.21073517203330994,0.9732971787452698,0,0.16213326156139374,-0.967448353767395,0.1943083554506302,0,0,5.092588901519775,0,1,0.9818763136863708,0.006726534105837345,-0.18940411508083344,0,0.11003301292657852,0.7934602499008179,0.5985932946205139,0,0.15431097149848938,-0.6085848212242126,0.7783390879631042,0,0,1.9834200143814087,0,1
K0.102,0.7441446185112,0.1396680325269699,0.6532544493675232,0,-0.031085345894098282,0.984079897403717,-0.1749892383813858,0,-0.6672946810722351,0.10991061478853226,0.7366390824317932,0,-0.45397669076919556,10.994002342224121,-0.9572128057479858,1,0.9941352009773254,-0.09560158848762512,-0.05055477097630501,0,0.10261466354131699,0.9814621806144714,0.16187414526939392,0,0.034142132848501205,-0.1661122739315033,0.9855151772499084,0,0,1.1871720552444458,-0.18419000506401062,1,0.993990421295166,-0.09076587855815887,-0.06119542196393013,0,0.10301226377487183,0.9647039175033569,0.2423546314239502,0,0.03703790903091431,-0.24720190465450287,0.968255877494812,0,0,1.4016029834747314,0,1,0.9940218925476074,-0.0907900482416153,-0.06063687801361084,0,0.10290844738483429,0.9646400213241577,0.2426498383283615,0,0.03646260127425194,-0.24743951857089996,0.9682172536849976,0,0,1.6018329858779907,0,1,0.9996875524520874,-0.005567976739257574,-0.024350402876734734,0,0.00958292931318283,0.9857366681098938,0.16802088916301727,0,0.023067554458975792,-0.16820180416107178,0.9854823350906372,0,0,1.8020609617233276,0,1,0.9257036447525024,-0.23004752397537231,-0.30025121569633484,0,0.11498726159334183,0.927375316619873,-0.35602277517318726,0,0.3603479266166687,0.2950466573238373,0.8849277496337891,0,0,0.876151978969574,0.3483310043811798,1,0.17445141077041626,-0.009112927131354809,-0.9846236705780029,0,0.9745460152626038,-0.14140011370182037,0.1739746481180191,0,-0.1408112496137619,-0.9899111390113831,-0.01578652672469616,0,0.6684079766273499,1.4949359893798828,-0.03617100045084953,1,0.9832437038421631,-0.09817712754011154,0.15360040962696075,0,-0.017147043719887733,0.7890429496765137,0.6140978336334229,0,-0.18148784339427948,-0.6064422130584717,0.7741387486457825,0,0,1.5037169456481934,0,1,-0.6426942944526672,0.7563104629516602,-0.12222376465797424,0,-0.7565397620201111,-0.6516808867454529,-0.05440235137939453,0,-0.12079593539237976,0.057503052055835724,0.991010308265686,0,0,3.3016510009765625,0,1,0.8278959393501282,-0.5600225925445557,0.031040098518133163,0,0.47355642914772034,0.6682713031768799,-0.573722779750824,0,0.3005543649196625,0.48968178033828735,0.8184610605239868,0,0,2.7329390048980713,0,1,0.9274827241897583,0.3732436001300812,0.02155287191271782,0,-0.3688089847564697,0.9228665232658386,-0.11089262366294861,0,-0.06128041073679924,0.0949021428823471,0.9935987591743469,0,-0.31367599964141846,0.46373501420021057,0,1,0.9773364067077637,-0.1815226823091507,0.10892006754875183,0,0.05832647532224655,0.7255045175552368,0.6857407689094543,0,-0.20349958539009094,-0.6638468503952026,0.7196497917175293,0,-0.06563899666070938,0.4430510103702545,0,1,0.9345779418945312,-0.336552232503891,-0.1153104305267334,0,0.3469175100326538,0.9339616894721985,0.08580802381038666,0,0.07881671190261841,-0.1201975867152214,0.9896166920661926,0,0.0031789999920874834,0.48552098870277405,0,1,0.6530627012252808,0.6571671366691589,0.37635093927383423,0,-0.5859242081642151,0.12360972166061401,0.800882875919342,0,0.47979339957237244,-0.7435399889945984,0.46577516198158264,0,0,0.9771119952201843,0,1,0.505519449710846,0.6601795554161072,0.5555294752120972,0,-0.6836671829223633,-0.0862952172756195,0.724673330783844,0,0.5263540744781494,-0.7461338639259338,0.407719224691391,0,0.05210400000214577,0.5617660284042358,0,1,0.6027807593345642,0.7135301828384399,0.35711443424224854,0,-0.6744442582130432,0.21647727489471436,0.7058771252632141,0,0.4263572096824646,-0.6663424372673035,0.6117242574691772,0,-0.029978999868035316,0.5294229984283447,0,1,0.3953183591365814,-0.1434185951948166,0.9072790145874023,0,-0.9047057628631592,-0.23160159587860107,0.3575866222381592,0,0.15884263813495636,-0.9621807932853699,-0.2213079184293747,0,-0.6684079766273499,1.4984140396118164,-0.058591000735759735,1,0.5627558827400208,-0.6806565523147583,-0.4690549075603485,0,0.8264573812484741,0.4746493399143219,0.3027803599834442,0,0.016547199338674545,-0.5580455660820007,0.8296457529067993,0,0,1.5037169456481934,0,1,-0.11660744249820709,-0.9910731911659241,0.06463044136762619,0,0.9913772344589233,-0.12006665021181107,-0.05249650403857231,0,0.059787824749946594,0.05795165151357651,0.9965278506278992,0,0,3.307734966278076,0,1,0.8594885468482971,-0.06289152801036835,0.5072721838951111,0,-0.05547017604112625,0.9750653505325317,0.21487347781658173,0,-0.5081367492675781,-0.21281956136226654,0.8345680832862854,0,0,2.741194009780884,0,1,0.9640380144119263,-0.25507962703704834,-0.07459379732608795,0,0.22755610942840576,0.9372575879096985,-0.26413172483444214,0,0.13728836178779602,0.23765899240970612,0.9615978002548218,0,0.31780698895454407,0.5204169750213623,0,1,0.9779715538024902,0.17270737886428833,-0.11723712086677551,0,-0.04832344874739647,0.733704686164856,0.6777483224868774,0,0.20306947827339172,-0.6571530699729919,0.7258878350257874,0,0.08337199687957764,0.4806489944458008,0,1,0.9673688411712646,0.23139962553977966,0.10320533812046051,0,-0.2449781745672226,0.9581877589225769,0.14786024391651154,0,-0.06467526406049728,-0.16831840574741364,0.983608603477478,0,0.015426999889314175,0.47726699709892273,0,1,0.6130800843238831,-0.7028908729553223,-0.3606625497341156,0,0.6017155647277832,0.11962636560201645,0.789700984954834,0,-0.5119287967681885,-0.7011662125587463,0.49628087878227234,0,0,1.004459023475647,0,1,0.4373178780078888,-0.7114183306694031,-0.5501243472099304,0,0.7329793572425842,-0.07245903462171555,0.6763810515403748,0,-0.5210513472557068,-0.6990233063697815,0.4897673428058624,0,-0.05621400102972984,0.588358998298645,0,1,0.5567290782928467,-0.7540907263755798,-0.348423570394516,0,0.7167626023292542,0.2240644246339798,0.6603389382362366,0,-0.41988614201545715,-0.6173668503761292,0.6652471423149109,0,0.03230699896812439,0.5530980229377747,0,1,-0.9615288972854614,-0.1895192712545395,0.19885846972465515,0,0.2580723464488983,-0.8712594509124756,0.417500764131546,0,0.09413278847932816,0.4527585208415985,0.8866499662399292,0,1.0144129991531372,-0.6594070196151733,-0.17839199304580688,1,0.9945724010467529,0.029057830572128296,-0.09990662336349487,0,-0.07927215844392776,0.8335577249526978,-0.5467157363891602,0,0.0673915445804596,0.551668107509613,0.8313368558883667,0,0,5.199635982513428,0,1,0.9384813904762268,-0.3416604995727539,0.050217729061841965,0,0.2638483941555023,0.8032381534576416,0.5340339541435242,0,-0.2227950394153595,-0.4879308342933655,0.8439702987670898,0,0,5.087769031524658,0,1,0.9855527877807617,-0.014692598022520542,0.16873210668563843,0,-0.12400668859481812,0.615966260433197,0.7779508233070374,0,-0.11536331474781036,-0.7876349091529846,0.6052448153495789,0,0,1.9792859554290771,0,1,-0.9409496784210205,0.2848815619945526,-0.1829109787940979,0,-0.3351239264011383,-0.8604218363761902,0.38388311862945557,0,-0.04801936820149422,0.4225124716758728,0.9050840735435486,0,-1.0144129991531372,-0.6594070196151733,-0.1146169975399971,1,0.9976956844329834,-0.00550256809219718,0.06762739270925522,0,0.060490384697914124,0.5236247777938843,-0.8497993350028992,0,-0.030735284090042114,0.8519314527511597,0.522750735282898,0,0,5.200582981109619,0,1,0.9683027863502502,0.12235181778669357,-0.21776182949543,0,0.18358755111694336,0.24253405630588531,0.9526132941246033,0,0.16936859488487244,-0.9623962640762329,0.21238408982753754,0,0,5.092588901519775,0,1,0.9815177917480469,0.01051118690520525,-0.1910809427499771,0,0.1117480918765068,0.7790921926498413,0.6168690919876099,0,0.15535375475883484,-0.6268211603164673,0.7635186314582825,0,0,1.9834200143814087,0,1
