4.600,30,138,41
B0,mixamorig_Hips,-1,0.9980949759483337,-0.02885499969124794,0.05453899875283241,0,0.02776399999856949,0.9994009733200073,0.020661000162363052,0,-0.05510199815034866,-0.019107000902295113,0.9982979893684387,0,-1.5968329906463623,11.57678508758545,0.15824300050735474,1
B1,mixamorig_Spine,0,0.9999340176582336,0.010223999619483948,0.005189999938011169,0,-0.009119000285863876,0.9835339784622192,-0.18049299716949463,0,-0.006949999835342169,0.1804330050945282,0.9835630059242249,0,0,1.2427419424057007,-0.1856590062379837,1
B2,mixamorig_Spine1,1,0.9997519850730896,0.018332000821828842,0.012612000107765198,0,-0.017396999523043633,0.9973469972610474,-0.07067800313234329,0,-0.013873999938368797,0.07044100016355515,0.997418999671936,0,0,1.4659559726715088,0,1
B3,mixamorig_Spine2,2,0.9997490048408508,0.018372999504208565,0.012796999886631966,0,-0.017424000427126884,0.9973499774932861,-0.07063700258731842,0,-0.01406100019812584,0.07039599865674973,0.9974200129508972,0,0,1.6753770112991333,0,1
B4,mixamorig_Neck,3,0.9997109770774841,0.023984000086784363,0.0017010000301524997,0,-0.02370000071823597,0.9709680080413818,0.23803099989891052,0,0.004058000165969133,-0.2380020022392273,0.9712560176849365,0,0,1.8847999572753906,0,1
B5,mixamorig_Head,4,0.999455988407135,-0.007042999844998121,-0.032214000821113586,0,0.008249999955296516,0.9992619752883911,0.037516999989748,0,0.031925998628139496,-0.037762999534606934,0.9987769722938538,0,0,0.855912983417511,0.3470599949359894,1
B6,mixamorig_HeadTop_End,5,1,0,0,0,0,1,0,0,0,0,1,0,0,2.8392999172210693,1.1512919664382935,1
B7,mixamorig_LeftShoulder,3,-0.1549459993839264,0.0019749999046325684,-0.9879209995269775,0,0.9329739809036255,-0.3285660147666931,-0.1469849944114685,0,-0.3248870074748993,-0.9444789886474609,0.04906700178980827,0,0.652642011642456,1.576030969619751,-0.03514900058507919,1
B8,mixamorig_LeftArm,7,0.6049780249595642,0.6963109970092773,-0.38620299100875854,0,0.015526999719440937,0.4746220111846924,0.8800529837608337,0,0.7960910201072693,-0.5384089946746826,0.27632400393486023,0,0,1.451390027999878,0,1
B9,mixamorig_LeftForeArm,8,0.9998689889907837,0.014977999962866306,-0.0061160000041127205,0,-0.014984999783337116,0.9998869895935059,-0.0011680000461637974,0,0.00609799986705184,0.0012600000482052565,0.9999809861183167,0,0,3.2703590393066406,0,1
B10,mixamorig_LeftHand,9,0.9438080191612244,-0.04210500046610832,-0.32780200242996216,0,0.10720399767160416,0.9772239923477173,0.18314099311828613,0,0.312624990940094,-0.20799100399017334,0.9268249869346619,0,0,2.8214590549468994,0,1
B11,mixamorig_LeftHandThumb1,10,0.8924270272254944,0.4511309862136841,0.007362000178545713,0,-0.45010998845100403,0.8912990093231201,-0.05465799942612648,0,-0.031220000237226486,0.045464999973773956,0.9984779953956604,0,-0.3050509989261627,0.43549299240112305,0,1
B12,mixamorig_LeftHandThumb2,11,0.9860960245132446,0.16551899909973145,0.014762000180780888,0,-0.1658100038766861,0.9859279990196228,0.02130099944770336,0,-0.011029000394046307,-0.023452000692486763,0.9996640086174011,0,-0.06800000369548798,0.4198940098285675,0,1
B13,mixamorig_LeftHandThumb3,12,0.9895420074462891,0.14420199394226074,-0.003604999976232648,0,-0.14418500661849976,0.988074004650116,-0.054037999361753464,0,-0.004230999853461981,0.05399300158023834,0.9985319972038269,0,-0.004792999941855669,0.4857949912548065,0,1
B14,mixamorig_LeftHandThumb4,13,1,0,0,0,0,1,0,0,0,0,1,0,0.07279200106859207,0.44150298833847046,0,1
B15,mixamorig_LeftHandIndex1,10,0.8584280014038086,0.5091260075569153,0.0623910017311573,0,-0.5107070207595825,0.8370310068130493,0.19636200368404388,0,0.047749001532793045,-0.20042599737644196,0.9785450100898743,0,0,0.9967560172080994,0,1
B16,mixamorig_LeftHandIndex2,15,0.9869920015335083,-0.16068300604820251,0.005204999819397926,0,0.1606840044260025,0.9870060086250305,0.00028199999360367656,0,-0.0051830001175403595,0.0005579999997280538,0.9999859929084778,0,0.060189999639987946,0.5512700080871582,0,1
B17,mixamorig_LeftHandIndex3,16,0.9985679984092712,-0.0534529983997345,0.002203000010922551,0,0.053498998284339905,0.9976829886436462,-0.04203899949789047,0,0.000048999998398358,0.042096998542547226,0.9991139769554138,0,-0.026318000629544258,0.4993000030517578,0,1
B18,mixamorig_LeftHandIndex4,17,1,0,0,0,0,1,0,0,0,0,1,0,-0.033872999250888824,0.5011600255966187,0,1
B19,mixamorig_RightShoulder,3,-0.038453999906778336,-0.010944999754428864,0.9991999864578247,0,-0.9516419768333435,-0.30459800362586975,-0.03996000066399574,0,0.30479198694229126,-0.9524180293083191,0.001297999988310039,0,-0.652642011642456,1.5792399644851685,-0.05662799999117851,1
B20,mixamorig_RightArm,19,0.7746989727020264,-0.489872008562088,0.39983201026916504,0,-0.04042400047183037,0.5926550030708313,0.804440975189209,0,-0.6310359835624695,-0.6393629908561707,0.4393270015716553,0,0,1.451390027999878,0,1
B21,mixamorig_RightForeArm,20,0.9999520182609558,-0.005669000092893839,0.00802600011229515,0,0.005671999882906675,0.9999840259552002,-0.00033999999868683517,0,-0.008023999631404877,0.00038499999209307134,0.9999679923057556,0,0,3.2765069007873535,0,1
B22,mixamorig_RightHand,21,0.8860840201377869,-0.06126900017261505,0.45945701003074646,0,-0.029381999745965004,0.9818080067634583,0.18759000301361084,0,-0.4625920057296753,-0.17972099781036377,0.8681640028953552,0,0,2.8292040824890137,0,1
B23,mixamorig_RightHandThumb1,22,0.9530050158500671,-0.30292099714279175,0.0044200001284480095,0,0.30043500661849976,0.9468600153923035,0.11486499756574631,0,-0.03898100182414055,-0.10813900083303452,0.9933710098266602,0,0.32116401195526123,0.5079699754714966,0,1
B24,mixamorig_RightHandThumb2,23,0.9792479872703552,-0.2021930068731308,-0.013825999572873116,0,0.20253199338912964,0.9787989854812622,0.030554000288248062,0,0.007354999892413616,-0.03271999955177307,0.9994369745254517,0,0.08328499644994736,0.4735170006752014,0,1
B25,mixamorig_RightHandThumb3,24,0.9722570180892944,-0.22974300384521484,0.04396999999880791,0,0.23381400108337402,0.9600030183792114,-0.15403200685977936,0,-0.006823999807238579,0.1600400060415268,0.9870870113372803,0,-0.002070999937132001,0.4775800108909607,0,1
B26,mixamorig_RightHandThumb4,25,1,0,0,0,0,1,0,0,0,0,1,0,-0.08121500164270401,0.3971160054206848,0,1
B27,mixamorig_RightHandIndex1,22,0.9154430031776428,-0.4019010066986084,-0.0209950003772974,0,0.3832710087299347,0.8547189831733704,0.35008400678634644,0,-0.12275400012731552,-0.3285290002822876,0.9364830255508423,0,0,1.0201549530029297,0,1
B28,mixamorig_RightHandIndex2,27,0.9739890098571777,0.22654399275779724,-0.0047439998015761375,0,-0.22654500603675842,0.9740009903907776,0.0004830000107176602,0,0.004730000160634518,0.0006040000007487833,0.9999889731407166,0,-0.07540299743413925,0.5894140005111694,0,1
B29,mixamorig_RightHandIndex3,28,0.9999300241470337,-0.005987000185996294,-0.010223999619483948,0,0.005518999882042408,0.9989640116691589,-0.04516499862074852,0,0.010483999736607075,0.04510499909520149,0.9989269971847534,0,0.0557279996573925,0.5480239987373352,0,1
B30,mixamorig_RightHandIndex4,29,1,0,0,0,0,1,0,0,0,0,1,0,0.019675999879837036,0.41751301288604736,0,1
B31,mixamorig_LeftUpLeg,0,-0.9848099946975708,-0.1289760023355484,0.11625000089406967,0,0.15154899656772614,-0.965241014957428,0.2129400074481964,0,0.08474499732255936,0.2273229956626892,0.9701250195503235,0,1.022987961769104,-0.6898429989814758,-0.1812169998884201,1
B32,mixamorig_LeftLeg,31,0.990215003490448,0.06406000256538391,0.12397699803113937,0,0.00021100000594742596,0.887719988822937,-0.4603840112686157,0,-0.13954900205135345,0.4559049904346466,0.8790199756622314,0,0,5.231299877166748,0,1
B33,mixamorig_LeftFoot,32,0.9952520132064819,-0.08341600000858307,0.05016100034117699,0,-0.01422099955379963,0.3851880133152008,0.9227280020713806,0,-0.09629199653863907,-0.9190599918365479,0.38217300176620483,0,0,4.76700496673584,0,1
B34,mixamorig_LeftToeBase,33,0.9827679991722107,-9.999999974752427e-7,0.18484599888324738,0,-0.10650099813938141,0.8173329830169678,0.5662369728088379,0,-0.15108099579811096,-0.5761650204658508,0.8032490015029907,0,0,1.9788390398025513,0,1
B35,mixamorig_LeftToe_End,34,1,0,0,0,0,1,0,0,0,0,1,0,0,0.7514830231666565,0,1
B36,mixamorig_RightUpLeg,0,-0.9940410256385803,0.05483900010585785,-0.0942080020904541,0,-0.06972000002861023,-0.9842020273208618,0.16274400055408478,0,-0.08379500359296799,0.1683419942855835,0.9821609854698181,0,-1.022987961769104,-0.6898429989814758,-0.09872400015592575,1
B37,mixamorig_RightLeg,36,0.9996920228004456,-0.004265000112354755,0.024450000375509262,0,0.01408699993044138,0.9085710048675537,-0.41749200224876404,0,-0.020434999838471413,0.41770800948143005,0.9083510041236877,0,0,5.234388828277588,0,1
B38,mixamorig_RightFoot,37,0.9977220296859741,0.03920599818229675,-0.05489499866962433,0,0.0373149998486042,0.3571540117263794,0.9333000183105469,0,0.05619699880480766,-0.9332219958305359,0.3548780083656311,0,0,4.769873142242432,0,1
B39,mixamorig_RightToeBase,38,0.982429027557373,9.999999974752427e-7,-0.18663500249385834,0,0.10730399936437607,0.8181920051574707,0.5648429989814758,0,0.15270400047302246,-0.5749449729919434,0.803816020488739,0,0,1.9828089475631714,0,1
B40,mixamorig_RightToe_End,39,1,0,0,0,0,1,0,0,0,0,1,0,0,0.7492420077323914,0,1
@34,0,1,2,3,4,5,7,8,9,10,11,12,13,15,16,17,19,20,21,22,23,24,25,27,28,29,31,32,33,34,36,37,38,39
K0.000,0.9980949759483337,-0.028855103999376297,0.05453875660896301,0,0.02776389569044113,0.9994009733200073,0.02066078782081604,0,-0.05510224401950836,-0.019107215106487274,0.9982979893684387,0,-1.5968329906463623,11.57678508758545,0.15824300050735474,1,0.9999340176582336,0.010223755612969398,0.005190071649849415,0,-0.009119245223701,0.9835340976715088,-0.1804925799369812,0,-0.006949928123503923,0.18043343722820282,0.9835628867149353,0,0,1.2427419424057007,-0.1856590062379837,1,0.9997519850730896,0.018332350999116898,0.012611879967153072,0,-0.017396649345755577,0.9973469972610474,-0.07067795097827911,0,-0.013874120078980923,0.07044104486703873,0.997418999671936,0,0,1.4659559726715088,0,1,0.9997490048408508,0.018372628837823868,0.012797062285244465,0,-0.01742437109351158,0.9973500370979309,-0.07063685357570648,0,-0.01406093779951334,0.07039615511894226,0.9974200129508972,0,0,1.6753770112991333,0,1,0.9997110366821289,0.023984326049685478,0.0017006904818117619,0,-0.023699678480625153,0.9709680676460266,0.23803073167800903,0,0.004057690035551786,-0.23800227046012878,0.9712559580802917,0,0,1.8847999572753906,0,1,0.999455988407135,-0.007042563520371914,-0.03221398964524269,0,0.008250435814261436,0.9992619156837463,0.037517301738262177,0,0.03192601352930069,-0.03776269406080246,0.9987769722938538,0,0,0.855912983417511,0.3470599949359894,1,-0.15494602918624878,0.001975033665075898,-0.987920880317688,0,0.932974100112915,-0.3285655975341797,-0.14698506891727448,0,-0.3248870074748993,-0.9444788694381714,0.04906735196709633,0,0.652642011642456,1.576030969619751,-0.03514900058507919,1,0.6049776673316956,0.6963114738464355,-0.38620269298553467,0,0.015527577139437199,0.47462230920791626,0.8800528645515442,0,0.7960910201072693,-0.5384088754653931,0.2763237953186035,0,0,1.451390027999878,0,1,0.9998689889907837,0.014977792277932167,-0.006116092670708895,0,-0.014985207468271255,0.9998869895935059,-0.0011682506883516908,0,0.006097907200455666,0.0012597492896020412,0.9999809861183167,0,0,3.2703590393066406,0,1,0.9438078999519348,-0.042105015367269516,-0.3278021812438965,0,0.10720398277044296,0.9772239923477173,0.18314073979854584,0,0.31262481212615967,-0.20799124240875244,0.9268249869346619,0,0,2.8214590549468994,0,1,0.8924270272254944,0.45113101601600647,0.0073621151968836784,0,-0.45010992884635925,0.8912990689277649,-0.054658252745866776,0,-0.031219882890582085,0.04546474292874336,0.9984779953956604,0,-0.3050509989261627,0.43549299240112305,0,1,0.9860960245132446,0.16551916301250458,0.014762207865715027,0,-0.16580983996391296,0.9859280586242676,0.021300727501511574,0,-0.011028791777789593,-0.02345227263867855,0.9996640086174011,0,-0.06800000369548798,0.4198940098285675,0,1,0.9895419478416443,0.14420202374458313,-0.0036047035828232765,0,-0.14418496191501617,0.988074004650116,-0.05403820425271988,0,-0.004230703692883253,0.05399279296398163,0.9985319972038269,0,-0.004792999941855669,0.4857949912548065,0,1,0.8584280014038086,0.509125828742981,0.062391359359025955,0,-0.5107071995735168,0.8370310068130493,0.19636182487010956,0,0.047749362885951996,-0.20042617619037628,0.9785450100898743,0,0,0.9967560172080994,0,1,0.9869919419288635,-0.16068311035633087,0.00520516000688076,0,0.16068390011787415,0.9870060086250305,0.0002820269437506795,0,-0.005182839930057526,0.0005580269498750567,0.9999859929084778,0,0.060189999639987946,0.5512700080871582,0,1,0.998568058013916,-0.05345331132411957,0.0022031187545508146,0,0.053498681634664536,0.9976829886436462,-0.0420391671359539,0,0.00004911873838864267,0.042096830904483795,0.9991140365600586,0,-0.026318000629544258,0.4993000030517578,0,1,-0.038454171270132065,-0.0109446095302701,0.9991999864578247,0,-0.9516417980194092,-0.304598331451416,-0.039960313588380814,0,0.30479228496551514,-0.9524179100990295,0.001297784736379981,0,-0.652642011642456,1.5792399644851685,-0.05662799999117851,1,0.7746989727020264,-0.4898718595504761,0.3998320400714874,0,-0.04042385518550873,0.5926548838615417,0.804440975189209,0,-0.6310359835624695,-0.6393629312515259,0.43932703137397766,0,0,1.451390027999878,0,1,0.999951958656311,-0.005669045262038708,0.008026027120649815,0,0.0056719533167779446,0.9999839663505554,-0.0003397465334273875,0,-0.008023971691727638,0.0003852534282486886,0.9999679923057556,0,0,3.2765069007873535,0,1,0.8860839605331421,-0.06126920506358147,0.4594569802284241,0,-0.02938220463693142,0.9818079471588135,0.1875903457403183,0,-0.4625920057296753,-0.1797206699848175,0.8681640625,0,0,2.8292040824890137,0,1,0.9530050158500671,-0.30292102694511414,0.004420422483235598,0,0.30043500661849976,0.9468600153923035,0.11486503481864929,0,-0.03898058086633682,-0.10813897103071213,0.9933710098266602,0,0.32116401195526123,0.5079699754714966,0,1,0.9792479276657104,-0.20219314098358154,-0.013825962319970131,0,0.2025318592786789,0.978799045085907,0.03055393695831299,0,0.007355037610977888,-0.03272005915641785,0.9994369745254517,0,0.08328499644994736,0.4735170006752014,0,1,0.9722569584846497,-0.22974324226379395,0.043970268219709396,0,0.23381376266479492,0.9600030779838562,-0.15403221547603607,0,-0.00682372972369194,0.16003979742527008,0.987087070941925,0,-0.002070999937132001,0.4775800108909607,0,1,0.9154430031776428,-0.40190115571022034,-0.02099519781768322,0,0.38327085971832275,0.8547189831733704,0.35008418560028076,0,-0.12275418639183044,-0.3285287916660309,0.9364830255508423,0,0,1.0201549530029297,0,1,0.973988950252533,0.22654427587985992,-0.004743941593915224,0,-0.22654472291469574,0.9740009903907776,0.00048314110608771443,0,0.0047300588339567184,0.0006041410961188376,0.9999889731407166,0,-0.07540299743413925,0.5894140005111694,0,1,0.9999300241470337,-0.005986792501062155,-0.01022410113364458,0,0.005519206635653973,0.9989640116691589,-0.045164793729782104,0,0.010483899153769016,0.04510520026087761,0.9989269971847534,0,0.0557279996573925,0.5480239987373352,0,1,-0.9848100543022156,-0.12897588312625885,0.1162499338388443,0,0.15154911577701569,-0.9652409553527832,0.2129400074481964,0,0.08474506437778473,0.2273229956626892,0.9701250195503235,0,1.022987961769104,-0.6898429989814758,-0.1812169998884201,1,0.990215003490448,0.06406036764383316,0.12397690862417221,0,0.0002113669615937397,0.8877200484275818,-0.46038392186164856,0,-0.1395491063594818,0.45590510964393616,0.8790199160575867,0,0,5.231299877166748,0,1,0.9952520132064819,-0.0834164172410965,0.05016094818711281,0,-0.01422141958028078,0.38518813252449036,0.9227279424667358,0,-0.09629204869270325,-0.9190599918365479,0.38217291235923767,0,0,4.76700496673584,0,1,0.9827679991722107,-9.366956419398775e-7,0.18484583497047424,0,-0.10650093853473663,0.8173332810401917,0.5662366151809692,0,-0.1510811448097229,-0.5761653184890747,0.8032487034797668,0,0,1.9788390398025513,0,1,-0.9940410852432251,0.05483906343579292,-0.0942079946398735,0,-0.06971994042396545,-0.9842020869255066,0.16274376213550568,0,-0.08379501104354858,0.1683422178030014,0.9821608662605286,0,-1.022987961769104,-0.6898429989814758,-0.09872400015592575,1,0.9996920824050903,-0.004264846909791231,0.0244505163282156,0,0.014087151736021042,0.9085710048675537,-0.4174921214580536,0,-0.020434483885765076,0.4177079200744629,0.9083511233329773,0,0,5.234388828277588,0,1,0.9977219700813293,0.039206475019454956,-0.054894719272851944,0,0.03731547296047211,0.35715430974960327,0.9332998394966125,0,0.05619727447628975,-0.9332220554351807,0.35487768054008484,0,0,4.769873142242432,0,1,0.982429027557373,0.0000010501346423552604,-0.18663501739501953,0,0.10730405151844025,0.8181920051574707,0.5648428797721863,0,0.15270397067070007,-0.5749450325965881,0.8038159608840942,0,0,1.9828089475631714,0,1
K0.034,0.9980931878089905,-0.029234204441308975,0.054360635578632355,0,0.028137333691120148,0.9993868470191956,0.02083490788936615,0,-0.054936423897743225,-0.01926562376320362,0.9983041882514954,0,-1.5960558652877808,11.576288223266602,0.16029612720012665,1,0.9999319314956665,0.01035328209400177,0.0052979495376348495,0,-0.009226662106812,0.9835196733474731,-0.18056458234786987,0,-0.007080077193677425,0.1805035024881363,0.9835487604141235,0,0,1.2427419424057007,-0.1856590062379837,1,0.9997478723526001,0.018392439931631088,0.012869242578744888,0,-0.01743665523827076,0.997337818145752,-0.0708056166768074,0,-0.014137265272438526,0.07056333869695663,0.9974067211151123,0,0,1.4659559726715088,0,1,0.9997449517250061,0.018437165766954422,0.013036257587373257,0,-0.017470059916377068,0.9973397850990295,-0.07076536864042282,0,-0.014306293800473213,0.0705195888876915,0.9974077343940735,0,0,1.6753770112991333,0,1,0.9997170567512512,0.023745166137814522,0.0013370077358558774,0,-0.02337939664721489,0.9708965420722961,0.2383541762828827,0,0.00436166487634182,-0.23831807076931,0.9711772203445435,0,0,1.8847999572753906,0,1,0.9994055032730103,-0.007668592501431704,-0.03362737223505974,0,0.008920956403017044,0.9992660880088806,0.037252068519592285,0,0.03331699222326279,-0.037529878318309784,0.9987396597862244,0,0,0.855912983417511,0.3470599949359894,1,-0.1552177518606186,0.0020796603057533503,-0.9878776669502258,0,0.9326216578483582,-0.32945552468299866,-0.14722931385040283,0,-0.3257680833339691,-0.9441692233085632,0.04919777810573578,0,0.652642011642456,1.576030969619751,-0.03514900058507919,1,0.6049922108650208,0.696022629737854,-0.38669973611831665,0,0.01486365869641304,0.47570544481277466,0.8794785141944885,0,0.7960922718048096,-0.5378255248069763,0.2774527370929718,0,0,1.451390027999878,0,1,0.9998679757118225,0.015036470256745815,-0.006116665434092283,0,-0.01504391711205244,0.9998859763145447,-0.0011731224367395043,0,0.006098333280533552,0.0012649871641770005,0.9999809861183167,0,0,3.2703590393066406,0,1,0.9424476623535156,-0.04076547175645828,-0.3318592309951782,0,0.10676460713148117,0.9772694706916809,0.18315356969833374,0,0.3168495297431946,-0.2080434411764145,0.9253774881362915,0,0,2.8214590549468994,0,1,0.8933132886886597,0.44936853647232056,0.007645739242434502,0,-0.4482899010181427,0.8921241164207458,-0.056133825331926346,0,-0.03204572945833206,0.04671759158372879,0.9983938932418823,0,-0.3050509989261627,0.43549299240112305,0,1,0.9860970377922058,0.16551564633846283,0.014763010665774345,0,-0.16580621898174286,0.985927939414978,0.021304769441485405,0,-0.01102899108082056,-0.02345636673271656,0.9996640086174011,0,-0.06800000369548798,0.4198940098285675,0,1,0.9894071221351624,0.14511029422283173,-0.003961888607591391,0,-0.14510482549667358,0.9878511428833008,-0.055626194924116135,0,-0.0041581811383366585,0.05561189725995064,0.9984440207481384,0,-0.004792999941855669,0.4857949912548065,0,1,0.8589487075805664,0.5083283185958862,0.06172429025173187,0,-0.509855329990387,0.8378319144248962,0.19515694677829742,0,0.04748921096324921,-0.19910021126270294,0.9788283109664917,0,0,0.9967560172080994,0,1,0.9869920015335083,-0.1606856882572174,0.005205901805311441,0,0.16068632900714874,0.9870049357414246,0.00027905163005925715,0,-0.005183090455830097,0.0005610955413430929,0.9999859929084778,0,0.060189999639987946,0.5512700080871582,0,1,0.998563826084137,-0.05353163555264473,0.0022122340742498636,0,0.053577300161123276,0.9976747632026672,-0.0421246737241745,0,0.0000479125083074905,0.042182691395282745,0.9991098642349243,0,-0.026318000629544258,0.4993000030517578,0,1,-0.038485217839479446,-0.010861882008612156,0.9992000460624695,0,-0.9517812728881836,-0.3041630983352661,-0.03996524587273598,0,0.3043539524078369,-0.9525583386421204,0.001367622404359281,0,-0.652642011642456,1.5792399644851685,-0.05662799999117851,1,0.7743143439292908,-0.49003148078918457,0.400382936000824,0,-0.041195500642061234,0.5923376083374023,0.8046356439590454,0,-0.6314588785171509,-0.639535129070282,0.4384686052799225,0,0,1.451390027999878,0,1,0.9999510049819946,-0.005785415880382061,0.008026069030165672,0,0.005788384471088648,0.999983012676239,-0.00034674283233471215,0,-0.008023930713534355,0.0003931840183213353,0.9999679923057556,0,0,3.2765069007873535,0,1,0.88564133644104,-0.06351073086261749,0.46000614762306213,0,-0.025392694398760796,0.9824979305267334,0.1845366209745407,0,-0.46367499232292175,-0.1751140058040619,0.8685278296470642,0,0,2.8292040824890137,0,1,0.953397810459137,-0.3016813099384308,0.004526172298938036,0,0.2991710603237152,0.9471961259841919,0.11539922654628754,0,-0.03910097852349281,-0.10866731405258179,0.9933093786239624,0,0.32116401195526123,0.5079699754714966,0,1,0.9792479276657104,-0.20219314098358154,-0.013825962319970131,0,0.2025318592786789,0.978799045085907,0.03055393695831299,0,0.007355037610977888,-0.03272005915641785,0.9994369745254517,0,0.08328499644994736,0.4735170006752014,0,1,0.9722371101379395,-0.22981959581375122,0.04401606321334839,0,0.23389792442321777,0.959945559501648,-0.1542605459690094,0,-0.006800926756113768,0.16027311980724335,0.9870491623878479,0,-0.002070999937132001,0.4775800108909607,0,1,0.9160396456718445,-0.4005407989025116,-0.020923340693116188,0,0.3814435601234436,0.8538644313812256,0.35414236783981323,0,-0.12398278713226318,-0.3323895335197449,0.9349574446678162,0,0,1.0201549530029297,0,1,0.973988950252533,0.22654427587985992,-0.004743942525237799,0,-0.22654472291469574,0.9740009903907776,0.0004831338010262698,0,0.004730057902634144,0.0006041484302841127,0.9999889731407166,0,-0.07540299743413925,0.5894140005111694,0,1,0.9999300241470337,-0.005877700634300709,-0.010233738459646702,0,0.005408709868788719,0.998960018157959,-0.04526759311556816,0,0.010489166714251041,0.04520908370614052,0.9989220499992371,0,0.0557279996573925,0.5480239987373352,0,1,-0.9848009943962097,-0.1294350028038025,0.11581342667341232,0,0.15192578732967377,-0.9651135206222534,0.21324989199638367,0,0.08417105674743652,0.22760362923145294,0.9701088070869446,0,1.022987961769104,-0.6898429989814758,-0.1812169998884201,1,0.990185022354126,0.06410883367061615,0.12419404089450836,0,0.000363320141332224,0.8874119520187378,-0.46097782254219055,0,-0.1397639662027359,0.45649823546409607,0.8786783814430237,0,0,5.231299877166748,0,1,0.9952442049980164,-0.08352458477020264,0.050127871334552765,0,-0.014199385419487953,0.3847081661224365,0.9229286313056946,0,-0.09637191891670227,-0.9192519187927246,0.38169294595718384,0,0,4.76700496673584,0,1,0.9827679991722107,-5.09235292156518e-7,0.18484604358673096,0,-0.106501504778862,0.8173328042030334,0.5662371516227722,0,-0.15108095109462738,-0.5761657953262329,0.8032481074333191,0,0,1.9788390398025513,0,1,-0.9940370321273804,0.05460142344236374,-0.09439069032669067,0,-0.06950534880161285,-0.9842374920845032,0.16262322664260864,0,-0.0840233787894249,0.1682141274213791,0.9821633100509644,0,-1.022987961769104,-0.6898429989814758,-0.09872400015592575,1,0.999686062335968,-0.0040532248094677925,0.024736247956752777,0,0.014011806808412075,0.9086214900016785,-0.41738587617874146,0,-0.02078411355614662,0.4176011085510254,0.9083923697471619,0,0,5.234388828277588,0,1,0.9977230429649353,0.03919971361756325,-0.05488678440451622,0,0.03731967881321907,0.35700109601020813,0.9333584308624268,0,0.05618200823664665,-0.9332813620567322,0.3547252118587494,0,0,4.769873142242432,0,1,0.9824290871620178,8.884217095328495e-7,-0.18663452565670013,0,0.10730388760566711,0.8181920647621155,0.5648428797721863,0,0.15270347893238068,-0.5749449729919434,0.803816020488739,0,0,1.9828089475631714,0,1
K0.067,0.9981170892715454,-0.02968856692314148,0.05366911366581917,0,0.028584742918610573,0.9993656277656555,0.021219171583652496,0,-0.05426506698131561,-0.01964511163532734,0.9983331561088562,0,-1.5953537225723267,11.575957298278809,0.16224193572998047,1,0.9999289512634277,0.010513216257095337,0.00556156737729907,0,-0.009334809146821499,0.9834797978401184,-0.18077464401721954,0,-0.007370217703282833,0.18071001768112183,0.983508825302124,0,0,1.2427419424057007,-0.1856590062379837,1,0.999739944934845,0.018422730267047882,0.013449672609567642,0,-0.017419805750250816,0.9973086714744568,-0.0712190717458725,0,-0.014725514687597752,0.0709662139415741,0.9973695874214172,0,0,1.4659559726715088,0,1,0.9997369050979614,0.01847655512392521,0.013619214296340942,0,-0.01746205799281597,0.9973106980323792,-0.07117897272109985,0,-0.0148977255448699,0.07092239707708359,0.9973706007003784,0,0,1.6753770112991333,0,1,0.9997199177742004,0.023628242313861847,0.0009347419836558402,0,-0.023168198764324188,0.9708113670349121,0.23872138559818268,0,0.004733111243695021,-0.23867632448673248,0.9710874557495117,0,0,1.8847999572753906,0,1,0.9993312954902649,-0.008436708711087704,-0.03558439016342163,0,0.009747127071022987,0.9992750883102417,0.036814361810684204,0,0.035247981548309326,-0.037136565893888474,0.9986884593963623,0,0,0.855912983417511,0.3470599949359894,1,-0.15559105575084686,0.00216666329652071,-0.9878191351890564,0,0.9323136806488037,-0.3301730453968048,-0.14757253229618073,0,-0.32647085189819336,-0.9439179301261902,0.049351856112480164,0,0.652642011642456,1.576030969619751,-0.03514900058507919,1,0.6053106188774109,0.6955320239067078,-0.3870840072631836,0,0.014128987677395344,0.47682812809944153,0.8788833022117615,0,0.795863926410675,-0.5374664068222046,0.27880191802978516,0,0,1.451390027999878,0,1,0.9998670220375061,0.015131899155676365,-0.0061167823150753975,0,-0.015139393508434296,0.999885082244873,-0.0011803640518337488,0,0.006098216865211725,0.0012728110887110233,0.9999809265136719,0,0,3.2703590393066406,0,1,0.9421389698982239,-0.04109527915716171,-0.33269330859184265,0,0.10689391940832138,0.9774767756462097,0.1819671392440796,0,0.3177223205566406,-0.2070014327764511,0.9253127574920654,0,0,2.8214590549468994,0,1,0.8939006328582764,0.4482016861438751,0.007589966524392366,0,-0.4471982419490814,0.8928114175796509,-0.0538640134036541,0,-0.030918335542082787,0.044754836708307266,0.998519241809845,0,-0.3050509989261627,0.43549299240112305,0,1,0.9860979914665222,0.16550514101982117,0.01476366352289915,0,-0.16579607129096985,0.9859300851821899,0.021314185112714767,0,-0.011028336361050606,-0.023465638980269432,0.9996640682220459,0,-0.06800000369548798,0.4198940098285675,0,1,0.9894181489944458,0.14503520727157593,-0.003925106022506952,0,-0.14502859115600586,0.9878717064857483,-0.05547208711504936,0,-0.004167904146015644,0.05545434355735779,0.9984524846076965,0,-0.004792999941855669,0.4857949912548065,0,1,0.8589029312133789,0.5083850622177124,0.061889637261629105,0,-0.5099183320999146,0.837672770023346,0.19567176699638367,0,0.04763335362076759,-0.1996217668056488,0.9787147045135498,0,0,0.9967560172080994,0,1,0.9869910478591919,-0.1606886088848114,0.005205646622925997,0,0.16068939864635468,0.9870049357414246,0.0002760269562713802,0,-0.005182353314012289,0.0005640561576001346,0.9999859929084778,0,0.060189999639987946,0.5512700080871582,0,1,0.9985458850860596,-0.053867943584918976,0.0022512334398925304,0,0.05391491577029228,0.99764084815979,-0.042490825057029724,0,0.000042971092625521123,0.04255039244890213,0.9990938901901245,0,-0.026318000629544258,0.4993000030517578,0,1,-0.03851523622870445,-0.01074640080332756,0.9991999864578247,0,-0.951967179775238,-0.30358272790908813,-0.0399596281349659,0,0.3037693500518799,-0.9527449011802673,0.0014623388415202498,0,-0.652642011642456,1.5792399644851685,-0.05662799999117851,1,0.7744947671890259,-0.4894237220287323,0.40077611804008484,0,-0.04224942997097969,0.5921223163604736,0.804740309715271,0,-0.6311672925949097,-0.6401995420455933,0.43791764974594116,0,0,1.451390027999878,0,1,0.9999520182609558,-0.005704530980437994,0.008026042021811008,0,0.00570745998993516,0.9999840259552002,-0.0003421406145207584,0,-0.008023957721889019,0.00038793229032307863,0.9999679923057556,0,0,3.2765069007873535,0,1,0.8855370879173279,-0.06553351879119873,0.45992353558540344,0,-0.022225921973586082,0.9828912019729614,0.1828438639640808,0,-0.4640369117259979,-0.17213714122772217,0.8689295649528503,0,0,2.8292040824890137,0,1,0.953640341758728,-0.3009118437767029,0.0046674772165715694,0,0.2983590066432953,0.9473525881767273,0.11621564626693726,0,-0.039392393082380295,-0.10943529009819031,0.9932129979133606,0,0.32116401195526123,0.5079699754714966,0,1,0.9792479276657104,-0.20219314098358154,-0.013825962319970131,0,0.2025318592786789,0.978799045085907,0.03055393695831299,0,0.007355037610977888,-0.03272005915641785,0.9994369745254517,0,0.08328499644994736,0.4735170006752014,0,1,0.9722643494606018,-0.22972463071346283,0.043918441981077194,0,0.23378729820251465,0.9599970579147339,-0.15410609543323517,0,-0.006759614683687687,0.16009941697120667,0.9870775938034058,0,-0.002070999937132001,0.4775800108909607,0,1,0.9165197014808655,-0.3994465470314026,-0.02083466574549675,0,0.3799853026866913,0.8532345294952393,0.35721421241760254,0,-0.12491106986999512,-0.33531057834625244,0.9337896704673767,0,0,1.0201549530029297,0,1,0.9739890694618225,0.2265447974205017,-0.0047440556809306145,0,-0.22654519975185394,0.9740009307861328,0.0004821567563340068,0,0.004729945212602615,0.000605127599555999,0.9999889731407166,0,-0.07540299743413925,0.5894140005111694,0,1,0.9999299645423889,-0.0059746946208179,-0.010225205682218075,0,0.005506951827555895,0.9989640712738037,-0.045176517218351364,0,0.010484529659152031,0.04511704295873642,0.9989270567893982,0,0.0557279996573925,0.5480239987373352,0,1,-0.9848145246505737,-0.1301269233226776,0.11492709070444107,0,0.15244780480861664,-0.9649074673652649,0.21380823850631714,0,0.08307170867919922,0.2280815839767456,0.9700913429260254,0,1.022987961769104,-0.6898429989814758,-0.1812169998884201,1,0.9901859760284424,0.06354374438524246,0.1244773119688034,0,0.0010936351027339697,0.8871109485626221,-0.46155601739883423,0,-0.1397540420293808,0.45716196298599243,0.8783344030380249,0,0,5.231299877166748,0,1,0.9952710866928101,-0.08319614082574844,0.05013369023799896,0,-0.014388459734618664,0.38416099548339844,0.9231542348861694,0,-0.0960623249411583,-0.9195104837417603,0.38114744424819946,0,0,4.76700496673584,0,1,0.9827679991722107,-4.867505936090311e-7,0.18484607338905334,0,-0.10650148242712021,0.8173330426216125,0.5662367939949036,0,-0.151080921292305,-0.5761651992797852,0.80324786901474,0,0,1.9788390398025513,0,1,-0.994044840335846,0.05438161641359329,-0.09443050622940063,0,-0.06927349418401718,-0.9842938184738159,0.16237829625606537,0,-0.08411703258752823,0.16795293986797333,0.9822001457214355,0,-1.022987961769104,-0.6898429989814758,-0.09872400015592575,1,0.9996932148933411,-0.0038264617323875427,0.024485763162374496,0,0.013691604137420654,0.9088166952133179,-0.41697096824645996,0,-0.020657533779740334,0.41717806458473206,0.9085897207260132,0,0,5.234388828277588,0,1,0.9977240562438965,0.03919677436351776,-0.054872751235961914,0,0.037314657121896744,0.35688313841819763,0.9334031343460083,0,0.056169543415308,-0.9333261847496033,0.3546082377433777,0,0,4.769873142242432,0,1,0.982429027557373,3.1452398729925335e-7,-0.1866338849067688,0,0.10730329155921936,0.8181948065757751,0.5648391842842102,0,0.15270313620567322,-0.5749411582946777,0.8038187623023987,0,0,1.9828089475631714,0,1
K0.101,0.9981257319450378,-0.0301868487149477,0.053242139518260956,0,0.029068853706121445,0.9993425607681274,0.02164887636899948,0,-0.053860630840063095,-0.020060604438185692,0.9983466863632202,0,-1.5951966047286987,11.5761079788208,0.16410116851329803,1,0.9999259114265442,0.010671976022422314,0.005784434732049704,0,-0.009450235404074192,0.9834687113761902,-0.18083341419696808,0,-0.007618660572916269,0.18076537549495697,0.9834967255592346,0,0,1.2427419424057007,-0.1856590062379837,1,0.9997328519821167,0.01845661923289299,0.013903472572565079,0,-0.017416968941688538,0.9972876310348511,-0.0715101957321167,0,-0.015185609459877014,0.07124899327754974,0.9973434209823608,0,0,1.4659559726715088,0,1,0.9997298121452332,0.018512576818466187,0.014063864946365356,0,-0.017461946234107018,0.9972895979881287,-0.07147204130887985,0,-0.015348877757787704,0.07120714336633682,0.9973433613777161,0,0,1.6753770112991333,0,1,0.9997169971466064,0.02376697026193142,0.0007723747403360903,0,-0.023261941969394684,0.9707016944885254,0.23916080594062805,0,0.004934382159262896,-0.23911108076572418,0.9709798097610474,0,0,1.8847999572753906,0,1,0.9992778301239014,-0.009306739084422588,-0.03682848811149597,0,0.010650617070496082,0.999278724193573,0.03646361082792282,0,0.03646255284547806,-0.03682951256632805,0.9986558556556702,0,0,0.855912983417511,0.3470599949359894,1,-0.15603694319725037,0.0022618172224611044,-0.9877482652664185,0,0.9320153594017029,-0.33082646131515503,-0.14799025654792786,0,-0.327108234167099,-0.9436891078948975,0.04951317235827446,0,0.652642011642456,1.576030969619751,-0.03514900058507919,1,0.605678141117096,0.6948625445365906,-0.3877115547657013,0,0.01411557849496603,0.4777931272983551,0.8783593773841858,0,0.7955848574638367,-0.5374758243560791,0.2795804440975189,0,0,1.451390027999878,0,1,0.9998659491539001,0.015209563076496124,-0.006116875912994146,0,-0.015217093750834465,0.9998840093612671,-0.001186082954518497,0,0.006098123732954264,0.0012790043838322163,0.9999809265136719,0,0,3.2703590393066406,0,1,0.9423426985740662,-0.0429280586540699,-0.3318840265274048,0,0.10793440788984299,0.977726399898529,0.18000055849552155,0,0.31676486134529114,-0.20544403791427612,0.9259872436523438,0,0,2.8214590549468994,0,1,0.8940688967704773,0.44786912202835083,0.007385920733213425,0,-0.44696158170700073,0.8930982351303101,-0.05099664255976677,0,-0.02943616546690464,0.042293280363082886,0.9986713528633118,0,-0.3050509989261627,0.43549299240112305,0,1,0.9860969185829163,0.16551218926906586,0.014763133600354195,0,-0.16580301523208618,0.985929012298584,0.021307986229658127,0,-0.011028670705854893,-0.02345951274037361,0.9996640682220459,0,-0.06800000369548798,0.4198940098285675,0,1,0.9895736575126648,0.1439812034368515,-0.003523336024954915,0,-0.14396192133426666,0.9881283044815063,-0.05364656075835228,0,-0.004242589697241783,0.05359445512294769,0.9985535740852356,0,-0.004792999941855669,0.4857949912548065,0,1,0.8579820394515991,0.5098019242286682,0.06299492716789246,0,-0.511430561542511,0.8363161087036133,0.19751900434494019,0,0.048011887818574905,-0.20168527960777283,0.9782724976539612,0,0,0.9967560172080994,0,1,0.9869909882545471,-0.16068898141384125,0.005205730441957712,0,0.1606898158788681,0.9870050549507141,0.000275131082162261,0,-0.005182291846722364,0.0005649558734148741,0.9999859929084778,0,0.060189999639987946,0.5512700080871582,0,1,0.9985379576683044,-0.05399917811155319,0.0022668312303721905,0,0.05404674634337425,0.997627854347229,-0.042633943259716034,0,0.0000407438819820527,0.04269413650035858,0.999087929725647,0,-0.026318000629544258,0.4993000030517578,0,1,-0.038418252021074295,-0.010758854448795319,0.9992040395736694,0,-0.9519643783569336,-0.30360156297683716,-0.03987095132470131,0,0.3037889003753662,-0.9527385830879211,0.001421801163814962,0,-0.652642011642456,1.5792399644851685,-0.05662799999117851,1,0.7748973369598389,-0.4884541630744934,0.4011811912059784,0,-0.04306919127702713,0.5924158096313477,0.8044797778129578,0,-0.6306180953979492,-0.6406683325767517,0.43802446126937866,0,0,1.451390027999878,0,1,0.9999510645866394,-0.005733220372349024,0.00802605040371418,0,0.005736166145652533,0.999983012676239,-0.00034417130518704653,0,-0.008023949339985847,0.00039019359974190593,0.9999679923057556,0,0,3.2765069007873535,0,1,0.8856042623519897,-0.06624872982501984,0.45969244837760925,0,-0.02140778675675392,0.9828996062278748,0.182893306016922,0,-0.4639480412006378,-0.17181213200092316,0.8690419793128967,0,0,2.8292040824890137,0,1,0.9536699652671814,-0.30081579089164734,0.004751288332045078,0,0.2982301712036133,0.9473180174827576,0.11682195216417313,0,-0.039642900228500366,-0.10999269783496857,0.9931418895721436,0,0.32116401195526123,0.5079699754714966,0,1,0.9792479276657104,-0.20219314098358154,-0.013825962319970131,0,0.2025318592786789,0.978799045085907,0.03055393695831299,0,0.007355037610977888,-0.03272005915641785,0.9994369745254517,0,0.08328499644994736,0.4735170006752014,0,1,0.9722923040390015,-0.22962798178195953,0.04381371662020683,0,0.23367339372634888,0.9600645303726196,-0.15385937690734863,0,-0.006733570247888565,0.15983425080776215,0.9871203899383545,0,-0.002070999937132001,0.4775800108909607,0,1,0.9167785048484802,-0.39885732531547546,-0.020730745047330856,0,0.37925082445144653,0.8530876040458679,0.35834428668022156,0,-0.12524311244487762,-0.33638450503349304,0.9333593249320984,0,0,1.0201549530029297,0,1,0.9739890694618225,0.22654378414154053,-0.004743941593915224,0,-0.22654418647289276,0.974000871181488,0.00048313982551917434,0,0.0047300588339567184,0.0006041398737579584,0.9999889731407166,0,-0.07540299743413925,0.5894140005111694,0,1,0.9999290108680725,-0.006095209624618292,-0.01021407637745142,0,0.00562904542312026,0.9989679455757141,-0.0450626015663147,0,0.010478206910192966,0.04500193148851395,0.998931884765625,0,0.0557279996573925,0.5480239987373352,0,1,-0.9847748875617981,-0.13077038526535034,0.11453156173229218,0,0.15301913022994995,-0.9647332429885864,0.21418416500091553,0,0.08248342573642731,0.22844859957695007,0.9700550436973572,0,1.022987961769104,-0.6898429989814758,-0.1812169998884201,1,0.9901883006095886,0.0632920041680336,0.12458831071853638,0,0.0013945139944553375,0.8870333433151245,-0.4617042541503906,0,-0.13973605632781982,0.4573475122451782,0.8782410621643066,0,0,5.231299877166748,0,1,0.9952765107154846,-0.08313547074794769,0.050124604254961014,0,-0.014426244422793388,0.3839414119720459,0.9232441782951355,0,-0.0959993228316307,-0.9196070432662964,0.38092881441116333,0,0,4.76700496673584,0,1,0.9827679991722107,-3.6242218470761145e-7,0.18484599888324738,0,-0.10650135576725006,0.8173340559005737,0.5662357807159424,0,-0.15108099579811096,-0.576164186000824,0.8032488822937012,0,0,1.9788390398025513,0,1,-0.9941067695617676,0.05401803180575371,-0.0939878299832344,0,-0.06882105022668839,-0.9843599200248718,0.16217297315597534,0,-0.08375754207372665,0.16768549382686615,0.9822757244110107,0,-1.022987961769104,-0.6898429989814758,-0.09872400015592575,1,0.9997106194496155,-0.003708506468683481,0.023765187710523605,0,0.013268413953483105,0.9091380834579468,-0.41628241539001465,0,-0.020062066614627838,0.4164775609970093,0.9089248776435852,0,0,5.234388828277588,0,1,0.9977259635925293,0.03911217674612999,-0.05489237606525421,0,0.037353627383708954,0.3570409417152405,0.9333414435386658,0,0.05610383301973343,-0.9332692623138428,0.35476791858673096,0,0,4.769873142242432,0,1,0.982429027557373,0.000003186485855621868,-0.186635822057724,0,0.10730516165494919,0.8181831240653992,0.5648557543754578,0,0.1527041643857956,-0.5749580264091492,0.8038069605827332,0,0,1.9828089475631714,0,1
