3.300,30,99,41
B0,mixamorig_Hips,-1,0.9997879862785339,-0.020444849506020546,0.002315035555511713,0,0.02049914374947548,0.9994369745254517,-0.026548074558377266,0,-0.0017709620296955109,0.026589924469590187,0.9996449947357178,0,0.01172595750540495,11.895181655883789,0.17966900765895844,1
B1,mixamorig_Spine,0,0.9999949932098389,0.0021039526909589767,0.0023448311258107424,0,-0.0017640467267483473,0.9906309843063354,-0.1365569531917572,0,-0.002610169816762209,0.13655203580856323,0.9906290173530579,0,0,1.1871720552444458,-0.18419000506401062,1
B2,mixamorig_Spine1,1,0.9990609884262085,-0.004875629674643278,0.04304007813334465,0,0.004110369365662336,0.9998319745063782,0.017850827425718307,0,-0.04311991482973099,-0.017657168209552765,0.9989140033721924,0,0,1.4016029834747314,0,1
B3,mixamorig_Spine2,2,0.9990620017051697,-0.004118386656045914,0.04310700669884682,0,0.003356612753123045,0.9998369812965393,0.01772915944457054,0,-0.04317300021648407,-0.017567837610840797,0.998913049697876,0,0,1.6018329858779907,0,1
B4,mixamorig_Neck,3,0.9995720386505127,-0.02314823307096958,-0.01790699176490307,0,0.02490878291428089,0.9941269755363464,0.1053130179643631,0,0.015364011749625206,-0.10571397840976715,0.9942780137062073,0,0,1.8020609617233276,0,1
B5,mixamorig_Head,4,0.9975690841674805,0.061549875885248184,0.03268137574195862,0,-0.06441209465265274,0.9933639168739319,0.0952862948179245,0,-0.026599625125527382,-0.09715967625379562,0.9949130415916443,0,0,0.876151978969574,0.3483310043811798,1
B6,mixamorig_HeadTop_End,5,1,0,0,0,0,1,0,0,0,0,1,0,0,2.8381810188293457,1.1283719539642334,1
B7,mixamorig_LeftShoulder,3,-0.14040054380893707,-0.01638765260577202,-0.9899589419364929,0,0.9781349301338196,-0.15723425149917603,-0.1361207216978073,0,-0.1534247249364853,-0.987424910068512,0.03810505196452141,0,0.6684079766273499,1.4949359893798828,-0.03617100045084953,1
B8,mixamorig_LeftArm,7,0.8500279784202576,0.4469539523124695,-0.27871912717819214,0,0.07496895641088486,0.4210982620716095,0.9039108753204346,0,0.5213748812675476,-0.7892451882362366,0.32443779706954956,0,0,1.5037169456481934,0,1
B9,mixamorig_LeftForeArm,8,0.8727040886878967,0.4869006872177124,-0.036272209137678146,0,-0.4879362881183624,0.8723958134651184,-0.029055051505565643,0,0.017496787011623383,0.04305494949221611,0.9989190101623535,0,0,3.3016510009765625,0,1
B10,mixamorig_LeftHand,9,0.6347481608390808,0.004197649657726288,-0.7727078199386597,0,0.25625765323638916,0.9422520995140076,0.21562397480010986,0,0.7289901971817017,-0.3348790109157562,0.5970167517662048,0,0,2.7329390048980713,0,1
B11,mixamorig_LeftHandThumb1,10,0.9225090742111206,0.3020327091217041,0.24032099545001984,0,-0.3023582994937897,0.9524979591369629,-0.03643987700343132,0,-0.2399110198020935,-0.03904687985777855,0.9700090289115906,0,-0.31367599964141846,0.46373501420021057,0,1
B12,mixamorig_LeftHandThumb2,11,0.9980950355529785,-0.0419977605342865,-0.04519921913743019,0,0.050200242549180984,0.9786779284477234,0.19917015731334686,0,0.035870783030986786,-0.20105981826782227,0.9789221286773682,0,-0.06563899666070938,0.4430510103702545,0,1
B13,mixamorig_LeftHandThumb3,12,0.9968580007553101,0.07878009229898453,0.00822101254016161,0,-0.07874792069196701,0.9968860745429993,-0.004170745611190796,0,-0.008523987606167793,0.0035102549009025097,0.9999579787254333,0,0.0031789999920874834,0.48552098870277405,0,1
B14,mixamorig_LeftHandThumb4,13,1,0,0,0,0,1,0,0,0,0,1,0,0.062460001558065414,0.4080809950828552,0,1
B15,mixamorig_LeftHandIndex1,10,0.935347855091095,0.3529432713985443,0.023549839854240417,0,-0.34736576676368713,0.90391606092453,0.24954399466514587,0,0.06678783148527145,-0.24159099161624908,0.9680770039558411,0,0,0.9771119952201843,0,1
B16,mixamorig_LeftHandIndex2,15,0.9598599672317505,0.27084222435951233,0.07289610803127289,0,-0.27567577362060547,0.8630980849266052,0.42315998673439026,0,0.05169310420751572,-0.4262700378894806,0.9031180143356323,0,0.05210400000214577,0.5617660284042358,0,1
B17,mixamorig_LeftHandIndex3,16,0.9752569794654846,0.22065319120883942,0.013657093048095703,0,-0.21831782162189484,0.9515259861946106,0.21664391458034515,0,0.034808091819286346,-0.21426507830619812,0.9761549830436707,0,-0.029978999868035316,0.5294229984283447,0,1
B18,mixamorig_LeftHandIndex4,17,1,0,0,0,0,1,0,0,0,0,1,0,-0.02212500013411045,0.491921991109848,0,1
B19,mixamorig_RightShoulder,3,0.008668038062751293,0.0022307492326945066,0.9999600052833557,0,-0.9942690134048462,-0.10654273629188538,0.008856347762048244,0,0.10655826330184937,-0.9943059682846069,0.0012944897171109915,0,-0.6684079766273499,1.4984140396118164,-0.058591000735759735,1
B20,mixamorig_RightArm,19,0.8491891026496887,-0.4879768192768097,0.20188471674919128,0,-0.020448829978704453,0.3516208827495575,0.9359190464019775,0,-0.5276932120323181,-0.7988998889923096,0.28861382603645325,0,0,1.5037169456481934,0,1
B21,mixamorig_RightForeArm,20,0.8904509544372559,-0.4539000988006592,0.0327378585934639,0,0.45461392402648926,0.8904880285263062,-0.018901797011494637,0,-0.020573139190673828,0.03171420097351074,0.9992849826812744,0,0,3.307734966278076,0,1
B22,mixamorig_RightHand,21,0.6932780146598816,0.1548309177160263,0.7038419246673584,0,-0.25613605976104736,0.9658200144767761,0.039830952882766724,0,-0.6736170053482056,-0.20789304375648499,0.7092390060424805,0,0,2.741194009780884,0,1
B23,mixamorig_RightHandThumb1,22,0.9877189993858337,-0.15514898300170898,0.01842864789068699,0,0.14887402951717377,0.9703739881515503,0.19029222428798676,0,-0.04740634933114052,-0.18521179258823395,0.9815549850463867,0,0.31780698895454407,0.5204169750213623,0,1
B24,mixamorig_RightHandThumb2,23,0.9855870008468628,-0.1555510014295578,0.0664948895573616,0,0.1523129940032959,0.9869999289512634,0.05129919573664665,0,-0.07361011207103729,-0.04043179750442505,0.9964669942855835,0,0.08337199687957764,0.4806489944458008,0,1
B25,mixamorig_RightHandThumb3,24,0.9637399315834045,-0.26681602001190186,0.003811879549175501,0,0.2665499746799469,0.961912989616394,-0.06061695143580437,0,0.0125068798661232,0.05943504348397255,0.9981539249420166,0,0.015426999889314175,0.47726699709892273,0,1
B26,mixamorig_RightHandThumb4,25,1,0,0,0,0,1,0,0,0,0,1,0,-0.09879899770021439,0.36491599678993225,0,1
B27,mixamorig_RightHandIndex1,22,0.9804630279541016,-0.1944311559200287,0.029808692634105682,0,0.1850978434085846,0.9632440209388733,0.1946769505739212,0,-0.06656431406736374,-0.1853560358285904,0.9804139137268066,0,0,1.004459023475647,0,1
B28,mixamorig_RightHandIndex2,27,0.9430480003356934,-0.3206179738044739,-0.08868126571178436,0,0.3262700140476227,0.8394849896430969,0.4345259666442871,0,-0.06487026810646057,-0.43871307373046875,0.8962830305099487,0,-0.05621400102972984,0.588358998298645,0,1
B29,mixamorig_RightHandIndex3,28,0.9942700266838074,-0.10690212994813919,0.00003009785541507881,0,0.1063968762755394,0.9895980358123779,0.09682805091142654,0,-0.010380902327597141,-0.09626995027065277,0.9953010082244873,0,0.03230699896812439,0.5530980229377747,0,1
B30,mixamorig_RightHandIndex4,29,1,0,0,0,0,1,0,0,0,0,1,0,0.02390800043940544,0.4435960054397583,0,1
B31,mixamorig_LeftUpLeg,0,-0.9959809184074402,-0.04764614999294281,0.07584630697965622,0,0.05998285114765167,-0.983661949634552,0.16973890364170074,0,0.06651967763900757,0.17360608279705048,0.9825659990310669,0,1.0144129991531372,-0.6594070196151733,-0.17839199304580688,1
B32,mixamorig_LeftLeg,31,0.9869930148124695,0.058741964399814606,0.14964917302131653,0,0.014200961217284203,0.8953597545623779,-0.44511735439300537,0,-0.16013683378696442,0.44145268201828003,0.8828792572021484,0,0,5.199635982513428,0,1
B33,mixamorig_LeftFoot,32,0.995481014251709,-0.004809209611266851,0.09483693540096283,0,-0.08588520437479019,0.38043883442878723,0.9208090305328369,0,-0.04050805792212486,-0.9247939586639404,0.3783069849014282,0,0,5.087769031524658,0,1
B34,mixamorig_LeftToeBase,33,0.9827809929847717,-0.0012570340186357498,0.18476895987987518,0,-0.10663604736328125,0.8127831816673279,0.5727238059043884,0,-0.1508970409631729,-0.582565188407898,0.7986539602279663,0,0,1.9792859554290771,0,1
B35,mixamorig_LeftToe_End,34,1,0,0,0,0,1,0,0,0,0,1,0,0,0.7514510154724121,0,1
B36,mixamorig_RightUpLeg,0,-0.9668360352516174,0.07806964218616486,-0.2431730180978775,0,-0.11780937016010284,-0.9811139702796936,0.15341803431510925,0,-0.22660298645496368,0.1769780069589615,0.9577729105949402,0,-1.0144129991531372,-0.6594070196151733,-0.1146169975399971,1
B37,mixamorig_RightLeg,36,0.9972440004348755,-0.029254287481307983,-0.06818068027496338,0,0.0010517083574086428,0.9244611263275146,-0.38127583265304565,0,0.07418432086706161,0.38015323877334595,0.9219438433647156,0,0,5.200582981109619,0,1
B38,mixamorig_RightFoot,37,0.9918980002403259,0.05327318608760834,-0.11532711237668991,0,0.07812019437551498,0.4600982367992401,0.8844248652458191,0,0.10017789155244827,-0.8862681984901428,0.45220860838890076,0,0,5.092588901519775,0,1
B39,mixamorig_RightToeBase,38,0.9825199842453003,2.4159808731383237e-7,-0.1861548125743866,0,0.1069992408156395,0.8183028697967529,0.5647401213645935,0,0.1523311734199524,-0.5747869610786438,0.8039990067481995,0,0,1.9834200143814087,0,1
B40,mixamorig_RightToe_End,39,1,0,0,0,0,1,0,0,0,0,1,0,0,0.7490540146827698,0,1
@34,0,1,2,3,4,5,7,8,9,10,11,12,13,15,16,17,19,20,21,22,23,24,25,27,28,29,31,32,33,34,36,37,38,39
K0.000,0.9979119300842285,-0.0077778249979019165,0.06412110477685928,0,0.00348717556335032,0.9977629780769348,0.06675698608160019,0,-0.06449690461158752,-0.06639401614665985,0.9957070350646973,0,-0.01154400035738945,12.021552085876465,0.22280199825763702,1,0.9999849796295166,0.000548723095562309,-0.005519333761185408,0,-0.0013342768652364612,0.9896710515022278,-0.14335088431835175,0,0.005383665673434734,0.1433561146259308,0.9896569848060608,0,0,1.1614660024642944,-0.17178399860858917,1,0.9999500513076782,-0.0010820225579664111,-0.009986025281250477,0,0.0011709772516041994,0.9999600052833557,0.008906382136046886,0,0.009975975379347801,-0.008917618542909622,0.9999099969863892,0,0,1.369784951210022,0,1,0.9999489784240723,-0.0011831321753561497,-0.01002593245357275,0,0.0012718676589429379,0.9999600052833557,0.008848846890032291,0,0.01001506857573986,-0.00886115338653326,0.9999110698699951,0,0,1.5654679536819458,0,1,0.998621940612793,0.04772307351231575,0.02183385193347931,0,-0.04600092023611069,0.9962310791015625,-0.07354088872671127,0,-0.02526114508509636,0.07243512570858002,0.9970529675483704,0,0,1.7611509561538696,0,1,0.9974610209465027,-0.0346277691423893,-0.0622347816824913,0,0.045030225068330765,0.9836419224739075,0.17441315948963165,0,0.05517721548676491,-0.176772803068161,0.9827039837837219,0,0,0.9798849821090698,0.3119800090789795,1,0.16038778424263,0.021404800936579704,-0.9868221282958984,0,0.9155831933021545,-0.37673285603523254,0.1406378298997879,0,-0.36875784397125244,-0.9260741472244263,-0.08002127707004547,0,0.6561779975891113,1.4388259649276733,-0.03311299905180931,1,0.8986619710922241,0.3047928810119629,-0.31544995307922363,0,0.08855686336755753,0.5782751441001892,0.8110219240188599,0,0.42961010336875916,-0.7567691206932068,0.4926818609237671,0,0,1.495182991027832,0,1,0.9750739932060242,0.2217438817024231,-0.00782790593802929,0,-0.2218611240386963,0.9748589992523193,-0.02069508098065853,0,0.0030420939438045025,0.021915921941399574,0.9997550249099731,0,0,3.1777119636535645,0,1,0.6764727234840393,0.13552145659923553,-0.7238911986351013,0,-0.04350452497601509,0.9885600209236145,0.14441601932048798,0,0.7351818084716797,-0.06620099395513535,0.6746301054954529,0,0,2.8114230632781982,0,1,0.9201251268386841,0.36818575859069824,-0.13344895839691162,0,-0.3916162848472595,0.8629078269004822,-0.3194151818752289,0,-0.002449958585202694,0.346162885427475,0.9381710886955261,0,-0.23947900533676147,0.4703890085220337,0,1,0.9563029408454895,-0.25619393587112427,-0.14088626205921173,0,0.2919750213623047,0.8620641231536865,0.4142419099807739,0,0.015326732769608498,-0.437276154756546,0.899196982383728,0,-0.03739999979734421,0.42061299085617065,0,1,0.9855859875679016,0.14358781278133392,-0.0894610583782196,0,-0.1440751850605011,0.9895659685134888,0.0010189033346250653,0,0.08867394924163818,0.011884904466569424,0.9959900379180908,0,-0.019526999443769455,0.46268200874328613,0,1,0.9128549695014954,0.4060819447040558,0.04235702008008957,0,-0.39862701296806335,0.8640210628509521,0.3075128197669983,0,0.08827803283929825,-0.2975991666316986,0.9506009817123413,0,0,0.8969519734382629,0,1,0.9905319809913635,0.13460299372673035,0.026989057660102844,0,-0.13526898622512817,0.9234151244163513,0.3591759204864502,0,0.02342405542731285,-0.3594260513782501,0.9328799247741699,0,0.08578500151634216,0.5953440070152283,0,1,0.9297210574150085,0.36618390679359436,0.039097800850868225,0,-0.3652600646018982,0.9033870100975037,0.22467195987701416,0,0.0469508022069931,-0.22316305339336395,0.9736500382423401,0,-0.07912600040435791,0.5678529739379883,0,1,0.17450833320617676,-0.02702578715980053,0.9842849969863892,0,-0.9038411974906921,-0.4009988605976105,0.14923574030399323,0,0.39066386222839355,-0.9156801104545593,-0.09440464526414871,0,-0.6561779975891113,1.4430400133132935,-0.06160899996757507,1,0.9801809787750244,-0.14152976870536804,0.13861826062202454,0,-0.035815756767988205,0.561589241027832,0.8266409039497375,0,-0.19484077394008636,-0.8152222037315369,0.5453899502754211,0,0,1.495182991027832,0,1,0.9913740158081055,-0.13080696761608124,0.008135173469781876,0,0.13087104260921478,0.9913679957389832,-0.007905765436589718,0,-0.007030826527625322,0.008902234956622124,0.999936044216156,0,0,3.1834919452667236,0,1,0.5127897262573242,-0.11143487691879272,0.8512511253356934,0,-0.01599387265741825,0.9901280403137207,0.13924948871135712,0,-0.8583648800849915,-0.085020512342453,0.5059452056884766,0,0,2.819844961166382,0,1,0.8998940587043762,-0.35258087515830994,-0.25666603446006775,0,0.3471660912036896,0.9353569746017456,-0.06769995391368866,0,0.26394397020339966,-0.028182953596115112,0.9641259908676147,0,0.2759990096092224,0.4979900121688843,0,1,0.969901978969574,0.19042907655239105,0.15174514055252075,0,-0.22591592371463776,0.9362589716911316,0.26903900504112244,0,-0.09083987027406693,-0.2952229976654053,0.9510999917984009,0,0.054754000157117844,0.4521830081939697,0,1,0.9596909284591675,0.188150092959404,0.208790123462677,0,-0.16884490847587585,0.9798300266265869,-0.10688326507806778,0,-0.22468888759613037,0.06732173264026642,0.9721019864082336,0,0.002435999922454357,0.47156599164009094,0,1,0.9389569759368896,-0.34399205446243286,-0.00545799033716321,0,0.3349459767341614,0.9104121327400208,0.24281972646713257,0,-0.07855898886919022,-0.22982525825500488,0.9700559377670288,0,0,0.9721270203590393,0,1,0.9767890572547913,-0.20819589495658875,-0.05037514492869377,0,0.21343308687210083,0.9260489344596863,0.31125494837760925,0,-0.0181521475315094,-0.3147820234298706,0.9489899277687073,0,-0.06733100116252899,0.5684720277786255,0,1,0.9797459244728088,-0.2001822143793106,-0.004898624960333109,0,0.19800879061222076,0.9648849964141846,0.1725989431142807,0,-0.029824625700712204,-0.17007306218147278,0.9849799871444702,0,0.03313799947500229,0.5351600050926208,0,1,-0.9621870517730713,-0.13463212549686432,0.23679398000240326,0,0.17062786221504211,-0.9755270481109619,0.13868016004562378,0,0.2123280167579651,0.17383983731269836,0.9616109728813171,0,1.0567330121994019,-0.6451150178909302,-0.23938700556755066,1,0.9958500266075134,0.042762696743011475,0.08033885061740875,0,-0.023219294846057892,0.9729040265083313,-0.23003895580768585,0,-0.0879991352558136,0.22721901535987854,0.9698600172996521,0,0,5.242112159729004,0,1,0.9947080612182617,-0.09472598135471344,0.039779625833034515,0,0.013398023322224617,0.5034818649291992,0.8639020919799805,0,-0.1018623635172844,-0.8587979674339294,0.5020869970321655,0,0,5.137761116027832,0,1,0.9743480086326599,-0.001311408937908709,0.22504496574401855,0,-0.12702339887619019,0.8222647905349731,0.5547483563423157,0,-0.18577401340007782,-0.5691037774085999,0.8010052442550659,0,0,1.9926340579986572,0,1,-0.9789810180664062,0.11502382904291153,-0.1684238612651825,0,-0.14087915420532227,-0.9785029292106628,0.15061317384243011,0,-0.1474791020154953,0.1711748093366623,0.9741399884223938,0,-1.0567330121994019,-0.6451150178909302,-0.17966599762439728,1,0.9986939430236816,-0.042629268020391464,0.028175797313451767,0,0.047032732516527176,0.9824090600013733,-0.18071992695331573,0,-0.01997620053589344,0.18180906772613525,0.983130931854248,0,0,5.242802143096924,0,1,0.9936839938163757,0.1047901064157486,-0.040142722427845,0,-0.02257188968360424,0.5370659232139587,0.8432379364967346,0,0.10992226749658585,-0.8370058536529541,0.5360390543937683,0,0,5.137811183929443,0,1,0.9743491411209106,0.0019508878467604518,-0.22503384947776794,0,0.12778189778327942,0.8183309435844421,0.5603630542755127,0,0.18524518609046936,-0.574743926525116,0.7970899939537048,0,0,1.9670729637145996,0,1
K0.034,0.9979109764099121,-0.007864017970860004,0.06412340700626373,0,0.003586786799132824,0.9977771639823914,0.06654737144708633,0,-0.06450415402650833,-0.06617831438779831,0.9957203269004822,0,-0.011821091175079346,12.021677017211914,0.22484131157398224,1,0.9999840259552002,0.0005088625475764275,-0.005572742782533169,0,-0.0013065686216577888,0.9895633459091187,-0.14409351348876953,0,0.0054412586614489555,0.14409850537776947,0.9895483255386353,0,0,1.1614660024642944,-0.17178399860858917,1,0.9999480247497559,-0.0011771762510761619,-0.010082017630338669,0,0.0012672339798882604,0.9999589323997498,0.008930770680308342,0,0.010071095079183578,-0.008943087421357632,0.9999089241027832,0,0,1.369784951210022,0,1,0.9999480843544006,-0.0012787905288860202,-0.010121936909854412,0,0.0013686197344213724,0.9999599456787109,0.008872735314071178,0,0.010110177099704742,-0.008886120282113552,0.9999089241027832,0,0,1.5654679536819458,0,1,0.9985776543617249,0.04853842779994011,0.022082174196839333,0,-0.04680124670267105,0.9962072968482971,-0.07334698736667633,0,-0.025558555498719215,0.07220914959907532,0.9970614910125732,0,0,1.7611509561538696,0,1,0.9973987340927124,-0.03531796857714653,-0.06282950937747955,0,0.04596518725156784,0.9831293821334839,0.1770424097776413,0,0.05551676079630852,-0.17946985363960266,0.9821953773498535,0,0,0.9798849821090698,0.3119800090789795,1,0.16051964461803436,0.02136923000216484,-0.9868014454841614,0,0.9157512784004211,-0.3762603998184204,0.14081424474716187,0,-0.3682849705219269,-0.9262675642967224,-0.07996603846549988,0,0.6561779975891113,1.4388259649276733,-0.03311299905180931,1,0.8986760377883911,0.30300790071487427,-0.3171224594116211,0,0.09150481224060059,0.5775836110115051,0.8111870288848877,0,0.428960919380188,-0.7580127716064453,0.4913339912891388,0,0,1.495182991027832,0,1,0.9751271605491638,0.22150865197181702,-0.007822742685675621,0,-0.2216256558895111,0.974912166595459,-0.020672835409641266,0,0.003047277918085456,0.021892378106713295,0.9997560381889343,0,0,3.1777119636535645,0,1,0.675153374671936,0.13498058915138245,-0.7252236604690552,0,-0.04296969622373581,0.9886435866355896,0.14400599896907806,0,0.7364251017570496,-0.06606343388557434,0.6732854843139648,0,0,2.8114230632781982,0,1,0.9201251268386841,0.36818575859069824,-0.13344895839691162,0,-0.3916162848472595,0.8629078269004822,-0.3194151818752289,0,-0.002449958585202694,0.346162885427475,0.9381710886955261,0,-0.23947900533676147,0.4703890085220337,0,1,0.9563222527503967,-0.2561400830745697,-0.14085648953914642,0,0.2919096350669861,0.8621874451637268,0.41403067111968994,0,0.015394852496683598,-0.4370640218257904,0.8992986679077148,0,-0.03739999979734421,0.42061299085617065,0,1,0.985462486743927,0.14347080886363983,-0.0909920334815979,0,-0.14426426589488983,0.9895372986793518,-0.0021683303639292717,0,0.08972887694835663,0.015263698995113373,0.9958491921424866,0,-0.019526999443769455,0.46268200874328613,0,1,0.9126952886581421,0.40643584728240967,0.04240129888057709,0,-0.39902377128601074,0.8640242218971252,0.30698877573013306,0,0.08813546597957611,-0.29710623621940613,0.9507681131362915,0,0,0.8969519734382629,0,1,0.9905195832252502,0.1346931904554367,0.027011677622795105,0,-0.1353592723608017,0.9233731627464294,0.3592498302459717,0,0.023446638137102127,-0.35950011014938354,0.9328508377075195,0,0.08578500151634216,0.5953440070152283,0,1,0.929705023765564,0.36622288823127747,0.0391068235039711,0,-0.3652981221675873,0.9033620357513428,0.22470860183238983,0,0.0469658188521862,-0.22319839894771576,0.9736408591270447,0,-0.07912600040435791,0.5678529739379883,0,1,0.17516939342021942,-0.02687690407037735,0.9841713309288025,0,-0.9037362337112427,-0.40098685026168823,0.14990234375,0,0.3906109035015106,-0.9156895279884338,-0.09453020244836807,0,-0.6561779975891113,1.4430400133132935,-0.06160899996757507,1,0.9802533984184265,-0.1397610604763031,0.1398925930261612,0,-0.037748754024505615,0.5621731877326965,0.82615727186203,0,-0.19410859048366547,-0.8151246905326843,0.5457966923713684,0,0,1.495182991027832,0,1,0.9914507269859314,-0.13023188710212708,0.008130287751555443,0,0.1302955150604248,0.9914436936378479,-0.00787063967436552,0,-0.0070357127115130424,0.008862688206136227,0.9999359846115112,0,0,3.1834919452667236,0,1,0.5116751790046692,-0.1131531149148941,0.8516950011253357,0,-0.0167721938341856,0.989785373210907,0.14157557487487793,0,-0.8590149879455566,-0.08672550320625305,0.5045508146286011,0,0,2.819844961166382,0,1,0.8998940587043762,-0.35258087515830994,-0.25666603446006775,0,0.3471660912036896,0.9353569746017456,-0.06769995391368866,0,0.26394397020339966,-0.028182953596115112,0.9641259908676147,0,0.2759990096092224,0.4979900121688843,0,1,0.9700016379356384,0.18965068459510803,0.15208053588867188,0,-0.2251538336277008,0.9367741942405701,0.26788246631622314,0,-0.09166105836629868,-0.2940880358219147,0.9513733386993408,0,0.054754000157117844,0.4521830081939697,0,1,0.9591469168663025,0.18890386819839478,0.21059942245483398,0,-0.16897070407867432,0.9795650243759155,-0.10909749567508698,0,-0.2269047200679779,0.06905538588762283,0.9714658260345459,0,0.002435999922454357,0.47156599164009094,0,1,0.9391961693763733,-0.3433414399623871,-0.005104026757180691,0,0.33430594205856323,0.910883367061615,0.24193304777145386,0,-0.07841647416353226,-0.22892889380455017,0.9702792167663574,0,0,0.9721270203590393,0,1,0.9782482981681824,-0.2016691267490387,-0.04857408255338669,0,0.2067704051733017,0.9292454123497009,0.30618569254875183,0,-0.01661096140742302,-0.30956941843032837,0.9507322907447815,0,-0.06733100116252899,0.5684720277786255,0,1,0.9797590970993042,-0.2001216858625412,-0.0048912810161709785,0,0.1979491412639618,0.964905321598053,0.17254914343357086,0,-0.029811210930347443,-0.17002487182617188,0.9849889874458313,0,0.03313799947500229,0.5351600050926208,0,1,-0.962125837802887,-0.13479284942150116,0.23694869875907898,0,0.17076456546783447,-0.9755387902259827,0.13843226432800293,0,0.2124929577112198,0.17365171015262604,0.9616088271141052,0,1.0567330121994019,-0.6451150178909302,-0.23938700556755066,1,0.9958677291870117,0.04272150993347168,0.08014519512653351,0,-0.023191215470433235,0.9728209376335144,-0.23039430379867554,0,-0.08780971169471741,0.22758355736732483,0.9697917103767395,0,0,5.242112159729004,0,1,0.9947353601455688,-0.09444821625947952,0.03976905345916748,0,0.013226598501205444,0.5031474828720093,0.8640995025634766,0,-0.10162229835987091,-0.859023928642273,0.5017475485801697,0,0,5.137761116027832,0,1,0.9743449687957764,-0.0013163930270820856,0.22505544126033783,0,-0.1270211637020111,0.8222784996032715,0.5547293424606323,0,-0.18578840792179108,-0.5690843462944031,0.8010153770446777,0,0,1.9926340579986572,0,1,-0.9789996147155762,0.11497324705123901,-0.16834673285484314,0,-0.14077399671077728,-0.978560209274292,0.15034119784832,0,-0.1474522054195404,0.17088282108306885,0.9741954207420349,0,-1.0567330121994019,-0.6451150178909302,-0.17966599762439728,1,0.9986960291862488,-0.04265400394797325,0.028043009340763092,0,0.047039106488227844,0.9823534488677979,-0.18102401494979858,0,-0.019826740026474,0.18210700154304504,0.9830784201622009,0,0,5.242802143096924,0,1,0.993716299533844,0.10448749363422394,-0.04014063999056816,0,-0.022371308878064156,0.5367767214775085,0.8434274196624756,0,0.10967415571212769,-0.8372293710708618,0.5357411503791809,0,0,5.137811183929443,0,1,0.9742965698242188,0.0020566543098539114,-0.22525987029075623,0,0.12774445116519928,0.8185884356498718,0.5599955916404724,0,0.18554669618606567,-0.5743770599365234,0.7972844839096069,0,0,1.9670729637145996,0,1
K0.067,0.997916042804718,-0.0077903736382722855,0.06405540555715561,0,0.0035411387216299772,0.9978014826774597,0.06618468463420868,0,-0.06443016976118088,-0.06581991165876389,0.9957494735717773,0,-0.011734775267541409,12.021903038024902,0.22553986310958862,1,0.999984085559845,0.0006229180726222694,-0.0056326244957745075,0,-0.001438323175534606,0.9892914891242981,-0.14594484865665436,0,0.005481394473463297,0.1459505707025528,0.9892763495445251,0,0,1.1614660024642944,-0.17178399860858917,1,0.9999469518661499,-0.0012907222844660282,-0.010188248008489609,0,0.0013867474626749754,0.999954879283905,0.009423594921827316,0,0.01017562672495842,-0.009437225759029388,0.9999037981033325,0,0,1.369784951210022,0,1,0.9999469518661499,-0.0013923306250944734,-0.010228189639747143,0,0.0014881391543895006,0.999954879283905,0.009365538135170937,0,0.010214685462415218,-0.009380261413753033,0.9999037981033325,0,0,1.5654679536819458,0,1,0.9985417127609253,0.04915659874677658,0.022309357300400734,0,-0.04742174223065376,0.9962353706359863,-0.07256828993558884,0,-0.025792580097913742,0.07140450924634933,0.9971135854721069,0,0,1.7611509561538696,0,1,0.9973747134208679,-0.03541950881481171,-0.06315973401069641,0,0.04626300930976868,0.9826732277870178,0.1794774979352951,0,0.055708423256874084,-0.18192844092845917,0.981732964515686,0,0,0.9798849821090698,0.3119800090789795,1,0.16081088781356812,0.021175134927034378,-0.9867580533027649,0,0.9154642820358276,-0.3768472373485565,0.14110535383224487,0,-0.3688693046569824,-0.9260334372520447,-0.07998627424240112,0,0.6561779975891113,1.4388259649276733,-0.03311299905180931,1,0.8988707661628723,0.30101218819618225,-0.3184697926044464,0,0.0938490480184555,0.5776509642601013,0.8108715415000916,0,0.42804625630378723,-0.7587562203407288,0.49098342657089233,0,0,1.495182991027832,0,1,0.9753382802009583,0.2205783575773239,-0.007803548127412796,0,-0.22069492936134338,0.9751254916191101,-0.02058645896613598,0,0.0030685127712786198,0.021800972521305084,0.9997581243515015,0,0,3.1777119636535645,0,1,0.6738922595977783,0.135090634226799,-0.726374089717865,0,-0.042526960372924805,0.9886040091514587,0.14440570771694183,0,0.7376043200492859,-0.06642342358827591,0.6719577312469482,0,0,2.8114230632781982,0,1,0.9201251268386841,0.36818575859069824,-0.13344895839691162,0,-0.3916162848472595,0.8629078269004822,-0.3194151818752289,0,-0.002449958585202694,0.346162885427475,0.9381710886955261,0,-0.23947900533676147,0.4703890085220337,0,1,0.9560408592224121,-0.2569368779659271,-0.1413092017173767,0,0.2928791046142578,0.860327959060669,0.41720160841941833,0,0.014377809129655361,-0.4402487277984619,0.8977610468864441,0,-0.03739999979734421,0.42061299085617065,0,1,0.9853168725967407,0.14264912903308868,-0.09381621330976486,0,-0.14398926496505737,0.9895504117012024,-0.007637728936970234,0,0.09174634516239166,0.021034108474850655,0.9955605864524841,0,-0.019526999443769455,0.46268200874328613,0,1,0.9123446941375732,0.40717974305152893,0.04280805215239525,0,-0.3997732996940613,0.8633899092674255,0.3077966272830963,0,0.08836852014064789,-0.29793021082878113,0.9504889845848083,0,0,0.8969519734382629,0,1,0.9903799891471863,0.13566313683986664,0.027257628738880157,0,-0.13633166253566742,0.9229190945625305,0.36004838347435,0,0.02368870936334133,-0.36030077934265137,0.9325357675552368,0,0.08578500151634216,0.5953440070152283,0,1,0.9297060370445251,0.3662218451499939,0.0391070730984211,0,-0.3652970790863037,0.9033629298210144,0.22470803558826447,0,0.04696507006883621,-0.22319792211055756,0.9736409783363342,0,-0.07912600040435791,0.5678529739379883,0,1,0.1760377287864685,-0.026582857593894005,0.9840248823165894,0,-0.9031446576118469,-0.4020162522792816,0.15070831775665283,0,0.39158761501312256,-0.9152467846870422,-0.09477809816598892,0,-0.6561779975891113,1.4430400133132935,-0.06160899996757507,1,0.9800809621810913,-0.13848872482776642,0.1423422396183014,0,-0.04019609093666077,0.5635772943496704,0.8250855207443237,0,-0.19448573887348175,-0.814371645450592,0.5467842817306519,0,0,1.495182991027832,0,1,0.9915189743041992,-0.12970401346683502,0.008125878870487213,0,0.12976744771003723,0.9915128946304321,-0.007839042693376541,0,-0.00704016350209713,0.00882704183459282,0.999936044216156,0,0,3.1834919452667236,0,1,0.5150313377380371,-0.1101546660065651,0.8500643372535706,0,-0.016800623387098312,0.9902207851409912,0.13849572837352753,0,-0.8570069074630737,-0.08561120927333832,0.5081437826156616,0,0,2.819844961166382,0,1,0.8998940587043762,-0.35258087515830994,-0.25666603446006775,0,0.3471660912036896,0.9353569746017456,-0.06769995391368866,0,0.26394397020339966,-0.028182953596115112,0.9641259908676147,0,0.2759990096092224,0.4979900121688843,0,1,0.9698778986930847,0.19061696529388428,0.15166419744491577,0,-0.2260996550321579,0.9361342787742615,0.2693185806274414,0,-0.09064137935638428,-0.2954973876476288,0.9510345458984375,0,0.054754000157117844,0.4521830081939697,0,1,0.9591416120529175,0.18888531625270844,0.21064035594463348,0,-0.168940931558609,0.9795660376548767,-0.109130859375,0,-0.22694943845272064,0.06908618658781052,0.9714533090591431,0,0.002435999922454357,0.47156599164009094,0,1,0.9388315677642822,-0.3443286418914795,-0.005670902784913778,0,0.33527642488479614,0.9101419448852539,0.2433730661869049,0,-0.07863909006118774,-0.23038791120052338,0.9699164032936096,0,0,0.9721270203590393,0,1,0.978179395198822,-0.20198340713977814,-0.04865952208638191,0,0.20709095895290375,0.929093062877655,0.30642950534820557,0,-0.01668444275856018,-0.30981990694999695,0.9506484270095825,0,-0.06733100116252899,0.5684720277786255,0,1,0.9797711968421936,-0.20006319880485535,-0.004884666297584772,0,0.1978919804096222,0.9649263620376587,0.17250028252601624,0,-0.029797585681080818,-0.16997729241847992,0.9849971532821655,0,0.03313799947500229,0.5351600050926208,0,1,-0.9622045755386353,-0.13465780019760132,0.23670437932014465,0,0.17054817080497742,-0.9755986332893372,0.13827483355998993,0,0.21230892837047577,0.17341837286949158,0.9616922736167908,0,1.0567330121994019,-0.6451150178909302,-0.23938700556755066,1,0.9958323240280151,0.04305749759078026,0.08039678633213043,0,-0.023420460522174835,0.9727078080177307,-0.23084895312786102,0,-0.08814237266778946,0.22800396382808685,0.9696624875068665,0,0,5.242112159729004,0,1,0.9947724938392639,-0.09405528753995895,0.03975377976894379,0,0.013012501411139965,0.5029095411300659,0.8642403483390808,0,-0.10127904266119003,-0.8592061996459961,0.5015050172805786,0,0,5.137761116027832,0,1,0.974337100982666,-0.0013319567078724504,0.22509035468101501,0,-0.12701523303985596,0.8223186135292053,0.5546703934669495,0,-0.18583481013774872,-0.5690258741378784,0.8010464310646057,0,0,1.9926340579986572,0,1,-0.9789707660675049,0.11510065943002701,-0.16843074560165405,0,-0.14086967706680298,-0.9785939455032349,0.15003491938114166,0,-0.14755608141422272,0.17060644924640656,0.9742282032966614,0,-1.0567330121994019,-0.6451150178909302,-0.17966599762439728,1,0.998694896697998,-0.04265286773443222,0.02808850072324276,0,0.04705223813652992,0.9822974801063538,-0.18132075667381287,0,-0.019857417792081833,0.1824057698249817,0.9830225706100464,0,0,5.242802143096924,0,1,0.9937421083450317,0.10423734784126282,-0.04013527184724808,0,-0.022214192897081375,0.5365792512893677,0.8435577750205994,0,0.10946594923734665,-0.8373870849609375,0.5355367660522461,0,0,5.137811183929443,0,1,0.9742527008056641,0.0021442752331495285,-0.2254490703344345,0,0.1277138739824295,0.8188028335571289,0.5596888065338135,0,0.18579837679862976,-0.5740710496902466,0.797446608543396,0,0,1.9670729637145996,0,1
K0.101,0.9979192018508911,-0.007692269515246153,0.06402160972356796,0,0.0034650873858481646,0.9978213310241699,0.06587827205657959,0,-0.06438887119293213,-0.06551934778690338,0.995771586894989,0,-0.011834264732897282,12.021946907043457,0.22495430707931519,1,0.9999829530715942,0.0008659777813591063,-0.005730270873755217,0,-0.0017093421192839742,0.9888573884963989,-0.14885586500167847,0,0.005537517834454775,0.14886321127414703,0.9888425469398499,0,0,1.1614660024642944,-0.17178399860858917,1,0.999945878982544,-0.0012701532104983926,-0.010337661020457745,0,0.0013757855631411076,0.9999467134475708,0.010217542760074139,0,0.010324135422706604,-0.010231215506792068,0.9998946189880371,0,0,1.369784951210022,0,1,0.9999449253082275,-0.001371735823340714,-0.010377652011811733,0,0.0014771722489967942,0.9999477863311768,0.010159009136259556,0,0.010363172739744186,-0.010173777118325233,0.9998945593833923,0,0,1.5654679536819458,0,1,0.9985269904136658,0.04941659793257713,0.02239820919930935,0,-0.04770439863204956,0.9963045716285706,-0.07142774015665054,0,-0.025845160707831383,0.07025404274463654,0.9971946477890015,0,0,1.7611509561538696,0,1,0.9973612427711487,-0.035220202058553696,-0.06347853690385818,0,0.046290572732686996,0.9821373820304871,0.1823820173740387,0,0.055921122431755066,-0.18483924865722656,0.9811763167381287,0,0,0.9798849821090698,0.3119800090789795,1,0.16113191843032837,0.020820090547204018,-0.9867128729820251,0,0.9145650863647461,-0.3789327144622803,0.14135445654392242,0,-0.3709547817707062,-0.9251899719238281,-0.08009955286979675,0,0.6561779975891113,1.4388259649276733,-0.03311299905180931,1,0.899099588394165,0.29872652888298035,-0.3199729323387146,0,0.09582028537988663,0.5789247751235962,0.8097314238548279,0,0.4271284341812134,-0.7586889266967773,0.49188682436943054,0,0,1.495182991027832,0,1,0.9755996465682983,0.2194204032421112,-0.007779940962791443,0,-0.21953651309013367,0.975389838218689,-0.02047869749367237,0,0.0030950289219617844,0.02168697491288185,0.9997600317001343,0,0,3.1777119636535645,0,1,0.6730130314826965,0.13623906672000885,-0.7269745469093323,0,-0.04267939180135727,0.9884048104286194,0.14572113752365112,0,0.7383982539176941,-0.0670454129576683,0.6710241436958313,0,0,2.8114230632781982,0,1,0.9201250076293945,0.3681851327419281,-0.13344885408878326,0,-0.3916158080101013,0.8629080057144165,-0.3194151818752289,0,-0.002449848921969533,0.3461628556251526,0.9381710886955261,0,-0.23947900533676147,0.4703890085220337,0,1,0.9556248784065247,-0.2581454813480377,-0.14191889762878418,0,0.29430684447288513,0.8575434684753418,0.42190295457839966,0,0.01278931275010109,-0.4449489414691925,0.8954644203186035,0,-0.03739999979734421,0.42061299085617065,0,1,0.9854143261909485,0.14181698858737946,-0.09405718743801117,0,-0.14315317571163177,0.9896718859672546,-0.007579548750072718,0,0.09201076626777649,0.020933566614985466,0.9955376386642456,0,-0.019526999443769455,0.46268200874328613,0,1,0.9126111268997192,0.4066101014614105,0.042534347623586655,0,-0.3991889953613281,0.863797664642334,0.3074099123477936,0,0.08825496584177017,-0.29752519726753235,0.9506264328956604,0,0,0.8969519734382629,0,1,0.9905205965042114,0.13468177616596222,0.027008818462491035,0,-0.1353479027748108,0.9233784079551697,0.3592398464679718,0,0.02344369888305664,-0.3594900369644165,0.932854175567627,0,0.08578500151634216,0.5953440070152283,0,1,0.9297050833702087,0.36622169613838196,0.039106979966163635,0,-0.36529725790023804,0.9033629894256592,0.22470757365226746,0,0.04696498438715935,-0.22319744527339935,0.9736408591270447,0,-0.07912600040435791,0.5678529739379883,0,1,0.1766471564769745,-0.026244252920150757,0.983924150466919,0,-0.902214765548706,-0.4039126932621002,0.15120401978492737,0,0.3934512734413147,-0.9144207835197449,-0.09502799808979034,0,-0.6561779975891113,1.4430400133132935,-0.06160899996757507,1,0.9796833395957947,-0.13787567615509033,0.14563867449760437,0,-0.04276854544878006,0.5658589601516724,0.8233926892280579,0,-0.1959366798400879,-0.812892496585846,0.5484655499458313,0,0,1.495182991027832,0,1,0.9916133284568787,-0.12898492813110352,0.008120797574520111,0,0.12904797494411469,0.9916073083877563,-0.007795054465532303,0,-0.007047202903777361,0.008777658455073833,0.9999369978904724,0,0,3.1834919452667236,0,1,0.5212814807891846,-0.10394050925970078,0.8470309972763062,0,-0.015828927978873253,0.9912061095237732,0.13137391209602356,0,-0.853238046169281,-0.08189044892787933,0.5150525569915771,0,0,2.819844961166382,0,1,0.8998940587043762,-0.35258087515830994,-0.25666603446006775,0,0.3471660912036896,0.9353569746017456,-0.06769996881484985,0,0.26394397020339966,-0.02818293869495392,0.9641259908676147,0,0.2759990096092224,0.4979900121688843,0,1,0.9701105356216431,0.1887999027967453,0.1524488478899002,0,-0.2243192195892334,0.937334418296814,0.26661917567253113,0,-0.09255783259868622,-0.2928470969200134,0.9516688585281372,0,0.054754000157117844,0.4521830081939697,0,1,0.959264874458313,0.18876849114894867,0.21018598973751068,0,-0.1689763069152832,0.9796178936958313,-0.10860833525657654,0,-0.22640372812747955,0.0686676874756813,0.9716101884841919,0,0.002435999922454357,0.47156599164009094,0,1,0.9389231204986572,-0.3440811336040497,-0.005612003616988659,0,0.33503058552742004,0.9102582335472107,0.24327848851680756,0,-0.07859913259744644,-0.23029989004135132,0.9699397683143616,0,0,0.9721270203590393,0,1,0.9781563878059387,-0.20208527147769928,-0.04868725314736366,0,0.20719502866268158,0.9290438294410706,0.30650871992111206,0,-0.016708314418792725,-0.3099013566970825,0.9506215453147888,0,-0.06733100116252899,0.5684720277786255,0,1,0.9797800779342651,-0.2000175565481186,-0.004878930747509003,0,0.19784727692604065,0.9649422764778137,0.17246347665786743,0,-0.029787836596369743,-0.16994155943393707,0.9850040674209595,0,0.03313799947500229,0.5351600050926208,0,1,-0.9622815847396851,-0.13450823724269867,0.23647837340831757,0,0.170354425907135,-0.9756330251693726,0.13827155530452728,0,0.21211747825145721,0.17334133386611938,0.9617478847503662,0,1.0567330121994019,-0.6451150178909302,-0.23938700556755066,1,0.9958000183105469,0.043370988219976425,0.08062656968832016,0,-0.02363479696214199,0.9726004600524902,-0.2312774956226349,0,-0.08844823390245438,0.22840072214603424,0.9695413708686829,0,0,5.242112159729004,0,1,0.9947946071624756,-0.09382586181163788,0.03974708169698715,0,0.01288732048124075,0.5027849674224854,0.8643149137496948,0,-0.10107947140932083,-0.8593047261238098,0.5013775825500488,0,0,5.137761116027832,0,1,0.974341094493866,-0.001322806579992175,0.22507159411907196,0,-0.12701906263828278,0.8222963809967041,0.5547018647193909,0,-0.1858094483613968,-0.5690575838088989,0.8010297417640686,0,0,1.9926340579986572,0,1,-0.9789570569992065,0.11518506705760956,-0.16845236718654633,0,-0.14094804227352142,-0.9785917401313782,0.14997075498104095,0,-0.1475716382265091,0.170557901263237,0.9742339849472046,0,-1.0567330121994019,-0.6451150178909302,-0.17966599762439728,1,0.9986898899078369,-0.042692385613918304,0.028195936232805252,0,0.04711857810616493,0.982222855091095,-0.18170735239982605,0,-0.019937176257371902,0.1827978789806366,0.982947826385498,0,0,5.242802143096924,0,1,0.9937459230422974,0.10420037806034088,-0.04012902453541756,0,-0.022180497646331787,0.5364341735839844,0.8436504006385803,0,0.10943533480167389,-0.83748459815979,0.5353908538818359,0,0,5.137811183929443,0,1,0.9742462038993835,0.0021577305160462856,-0.22547824680805206,0,0.12770898640155792,0.8188364505767822,0.5596407055854797,0,0.1858372688293457,-0.5740231871604919,0.797472357749939,0,0,1.9670729637145996,0,1
