2.967,30,89,41
B0,mixamorig_Hips,-1,0.6115788221359253,0.1063983291387558,0.7839965224266052,0,0.026449153199791908,0.9876134991645813,-0.15466417372226715,0,-0.7907412648200989,0.11532533168792725,0.6011890769004822,0,0.9478830695152283,10.981017112731934,-0.8033969402313232,1
B1,mixamorig_Spine,0,0.9992743134498596,-0.035609759390354156,-0.013521955348551273,0,0.034767452627420425,0.9977045655250549,-0.05811278149485588,0,0.01556029636412859,0.0576004795730114,0.9982184171676636,0,0,1.1871720552444458,-0.18419000506401062,1
B2,mixamorig_Spine1,1,0.995788037776947,-0.07221809029579163,-0.05648919939994812,0,0.08332651853561401,0.9698614478111267,0.22896422445774078,0,0.03825134411454201,-0.2327069342136383,0.9717943072319031,0,0,1.4016029834747314,0,1
B3,mixamorig_Spine2,2,0.9957985877990723,-0.07211916893720627,-0.056424736976623535,0,0.08321492373943329,0.9698725938796997,0.22895807027816772,0,0.03821256384253502,-0.2326916605234146,0.9717997908592224,0,0,1.6018329858779907,0,1
B4,mixamorig_Neck,3,0.9987751841545105,0.00537598691880703,-0.049185849726200104,0,0.006178810726851225,0.9727465510368347,0.2317885458469391,0,0.04909145087003708,-0.23180852830410004,0.97152179479599,0,0,1.8020609617233276,0,1
B5,mixamorig_Head,4,0.7153244018554688,-0.17253561317920685,-0.6771577596664429,0,0.08920712769031525,0.9836576581001282,-0.15639477968215942,0,0.6930749416351318,0.051465701311826706,0.7190256118774414,0,0,0.876151978969574,0.3483310043811798,1
B6,mixamorig_HeadTop_End,5,1,0,0,0,0,1,0,0,0,0,1,0,0,2.8381810188293457,1.1283719539642334,1
B7,mixamorig_LeftShoulder,3,0.12364696711301804,-0.01253619883209467,-0.9922468662261963,0,0.9898065328598022,-0.06965568661689758,0.12422287464141846,0,-0.07067297399044037,-0.9974925518035889,0.003795727388933301,0,0.6684079766273499,1.4949359893798828,-0.03617100045084953,1
B8,mixamorig_LeftArm,7,0.9428934454917908,-0.2040063589811325,0.2633136808872223,0,-0.059792861342430115,0.6740027666091919,0.7363048791885376,0,-0.32768484950065613,-0.7100009918212891,0.623314380645752,0,0,1.5037169456481934,0,1
B9,mixamorig_LeftForeArm,8,-0.6074841022491455,0.7852621674537659,-0.11969203501939774,0,-0.7855002284049988,-0.6162780523300171,-0.05648556724190712,0,-0.11811958998441696,0.05970406532287598,0.9912030100822449,0,0,3.3016510009765625,0,1
B10,mixamorig_LeftHand,9,0.7835471630096436,0.09212540090084076,-0.6144644618034363,0,-0.11206259578466415,0.9936825633049011,0.006081840023398399,0,0.6111429333686829,0.06409308314323425,0.7889209985733032,0,0,2.7329390048980713,0,1
B11,mixamorig_LeftHandThumb1,10,0.946222186088562,0.3228667676448822,0.020523061975836754,0,-0.3206842541694641,0.9444218873977661,-0.0723038986325264,0,-0.042726945132017136,0.06183411553502083,0.9971709847450256,0,-0.31367599964141846,0.46373501420021057,0,1
B12,mixamorig_LeftHandThumb2,11,0.9777251482009888,-0.17495772242546082,0.11595078557729721,0,0.04953128471970558,0.7291527390480042,0.68255615234375,0,-0.2039642333984375,-0.661608874797821,0.7215765714645386,0,-0.06563899666070938,0.4430510103702545,0,1
B13,mixamorig_LeftHandThumb3,12,0.9369950890541077,-0.3291577994823456,-0.1170249730348587,0,0.3393332362174988,0.937174916267395,0.08096688985824585,0,0.08302202820777893,-0.11557610332965851,0.9898229837417603,0,0.0031789999920874834,0.48552098870277405,0,1
B14,mixamorig_LeftHandThumb4,13,1,0,0,0,0,1,0,0,0,0,1,0,0.062460001558065414,0.4080809950828552,0,1
B15,mixamorig_LeftHandIndex1,10,0.5797940492630005,0.6795849800109863,0.4494464695453644,0,-0.5295881032943726,-0.10487050563097,0.841747522354126,0,0.6191729307174683,-0.7260620594024658,0.299096941947937,0,0,0.9771119952201843,0,1
B16,mixamorig_LeftHandIndex2,15,0.4603368043899536,0.6545581221580505,0.5997030138969421,0,-0.6795545220375061,-0.17485645413398743,0.7124820947647095,0,0.5712230205535889,-0.7355128526687622,0.3643151819705963,0,0.05210400000214577,0.5617660284042358,0,1
B17,mixamorig_LeftHandIndex3,16,0.5622950196266174,0.7254889011383057,0.3968500792980194,0,-0.682326078414917,0.13592322170734406,0.7183009386062622,0,0.4671781063079834,-0.6746780872344971,0.571448802947998,0,-0.029978999868035316,0.5294229984283447,0,1
B18,mixamorig_LeftHandIndex4,17,1,0,0,0,0,1,0,0,0,0,1,0,-0.02212500013411045,0.491921991109848,0,1
B19,mixamorig_RightShoulder,3,0.3914104700088501,-0.1508752554655075,0.9077633619308472,0,-0.8854387998580933,-0.3303830623626709,0.32687312364578247,0,0.2505924701690674,-0.9317101836204529,-0.26290616393089294,0,-0.6684079766273499,1.4984140396118164,-0.058591000735759735,1
B20,mixamorig_RightArm,19,0.577114462852478,-0.7674044370651245,-0.2793367803096771,0,0.8130114078521729,0.5075693130493164,0.2852816581726074,0,-0.07714368402957916,-0.3917442262172699,0.9168344140052795,0,0,1.5037169456481934,0,1
B21,mixamorig_RightForeArm,20,-0.33694779872894287,-0.938426673412323,0.07629763334989548,0,0.9387146830558777,-0.34109267592430115,-0.04970841482281685,0,0.0726722702383995,0.054872579872608185,0.995845377445221,0,0,3.307734966278076,0,1
B22,mixamorig_RightHand,21,0.8404589891433716,-0.3669542074203491,0.39871492981910706,0,0.3531985282897949,0.9290014505386353,0.1104852557182312,0,-0.41094979643821716,0.04796719178557396,0.9103953242301941,0,0,2.741194009780884,0,1
B23,mixamorig_RightHandThumb1,22,0.974157989025116,-0.21139107644557953,-0.07955624908208847,0,0.18810787796974182,0.9542829990386963,-0.2322898954153061,0,0.12502329051494598,0.21132206916809082,0.9693875312805176,0,0.31780698895454407,0.5204169750213623,0,1
B24,mixamorig_RightHandThumb2,23,0.9757060408592224,0.19506508111953735,-0.09973743557929993,0,-0.07006940990686417,0.7091811299324036,0.7015352249145508,0,0.20757707953453064,-0.6775040626525879,0.7056209444999695,0,0.08337199687957764,0.4806489944458008,0,1
B25,mixamorig_RightHandThumb3,24,0.9596350789070129,0.2618583142757416,0.1026192232966423,0,-0.2763051986694336,0.9458789229393005,0.17020100355148315,0,-0.052496783435344696,-0.1916850060224533,0.9800509810447693,0,0.015426999889314175,0.47726699709892273,0,1
B26,mixamorig_RightHandThumb4,25,1,0,0,0,0,1,0,0,0,0,1,0,-0.09879899770021439,0.36491599678993225,0,1
B27,mixamorig_RightHandIndex1,22,0.5179415941238403,-0.7273521423339844,-0.4502168297767639,0,0.5707555413246155,-0.09818051010370255,0.8152289986610413,0,-0.6371613144874573,-0.6792050004005432,0.3642886281013489,0,0,1.004459023475647,0,1
B28,mixamorig_RightHandIndex2,27,0.3841405510902405,-0.7055867910385132,-0.5954691767692566,0,0.7285240292549133,-0.1645563244819641,0.6649620532989502,0,-0.5671761631965637,-0.6892519593238831,0.4508238434791565,0,-0.05621400102972984,0.588358998298645,0,1
B29,mixamorig_RightHandIndex3,28,0.5093182921409607,-0.7676106691360474,-0.38906124234199524,0,0.7262511253356934,0.14084580540657043,0.6728458404541016,0,-0.4616861939430237,-0.6252490878105164,0.6292137503623962,0,0.03230699896812439,0.5530980229377747,0,1
B30,mixamorig_RightHandIndex4,29,1,0,0,0,0,1,0,0,0,0,1,0,0.02390800043940544,0.4435960054397583,0,1
B31,mixamorig_LeftUpLeg,0,-0.913002073764801,-0.1948450803756714,0.3584161102771759,0,0.30689817667007446,-0.9068784713745117,0.2887645363807678,0,0.2687755227088928,0.37363988161087036,0.8877795934677124,0,1.0144129991531372,-0.6594070196151733,-0.17839199304580688,1
B32,mixamorig_LeftLeg,31,0.9974236488342285,-0.05417359992861748,-0.047023847699165344,0,0.009233269840478897,0.7470126748085022,-0.6647453308105469,0,0.07113909721374512,0.6625989675521851,0.7455887198448181,0,0,5.199635982513428,0,1
B33,mixamorig_LeftFoot,32,0.985543966293335,-0.16474300622940063,0.03954257816076279,0,0.04107067734003067,0.4587484896183014,0.8876166343688965,0,-0.1643686145544052,-0.8731605410575867,0.45888254046440125,0,0,5.087769031524658,0,1
B34,mixamorig_LeftToeBase,33,0.9822386503219604,-0.006932020653039217,0.18750715255737305,0,-0.10920477658510208,0.7915094494819641,0.6013205647468567,0,-0.15258213877677917,-0.6111173033714294,0.7766945362091064,0,0,1.9792859554290771,0,1
B35,mixamorig_LeftToe_End,34,1,0,0,0,0,1,0,0,0,0,1,0,0,0.7514510154724121,0,1
B36,mixamorig_RightUpLeg,0,-0.9367588758468628,0.31235313415527344,-0.15785765647888184,0,-0.3484046459197998,-0.8750002384185791,0.3361387848854065,0,-0.033131446689367294,0.36987918615341187,0.928489089012146,0,-1.0144129991531372,-0.6594070196151733,-0.1146169975399971,1
B37,mixamorig_RightLeg,36,0.9916329979896545,-0.03651072829961777,0.12381916493177414,0,0.11957354098558426,0.6212382316589355,-0.7744455933570862,0,-0.04864559322595596,0.7827706933021545,0.6204055547714233,0,0,5.200582981109619,0,1
B38,mixamorig_RightFoot,37,0.9751375913619995,0.2180030792951584,-0.03977210074663162,0,-0.019379088655114174,0.2626796364784241,0.9646884202957153,0,0.22075237333774567,-0.9399330615997314,0.26037344336509705,0,0,5.092588901519775,0,1
B39,mixamorig_RightToeBase,38,0.9820109605789185,0.005309877451509237,-0.18874862790107727,0,0.10939165949821472,0.7987697124481201,0.5916078686714172,0,0.15390819311141968,-0.601613461971283,0.783820390701294,0,0,1.9834200143814087,0,1
B40,mixamorig_RightToe_End,39,1,0,0,0,0,1,0,0,0,0,1,0,0,0.7490540146827698,0,1
@34,0,1,2,3,4,5,7,8,9,10,11,12,13,15,16,17,19,20,21,22,23,24,25,27,28,29,31,32,33,34,36,37,38,39
K0.000,0.5920469760894775,0.11525696516036987,0.7976189255714417,0,0.02029396779835224,0.9872739911079407,-0.15772591531276703,0,-0.8056480288505554,0.10956808924674988,0.5821739435195923,0,0.9622300267219543,10.901262283325195,-0.791674017906189,1,0.998420000076294,-0.05171098932623863,-0.02198912762105465,0,0.05085001140832901,0.9979810118675232,-0.03806065395474434,0,0.02391286939382553,0.036882344633340836,0.9990329742431641,0,0,1.1871720552444458,-0.18419000506401062,1,0.9954100847244263,-0.07528313994407654,-0.05908891558647156,0,0.08690685778856277,0.9696159958839417,0.2286761850118637,0,0.04007808864116669,-0.23276178538799286,0.9717079997062683,0,0,1.4016029834747314,0,1,0.9954119920730591,-0.07525984197854996,-0.0590800866484642,0,0.08688216656446457,0.9696179628372192,0.22867709398269653,0,0.0400749146938324,-0.2327609360218048,0.9717080593109131,0,0,1.6018329858779907,0,1,0.9989309906959534,0.002154242480173707,-0.046166837215423584,0,0.008131242357194424,0.9751399755477905,0.22144116461277008,0,0.04549616575241089,-0.22157983481884003,0.9740800857543945,0,0,1.8020609617233276,0,1,0.7550100088119507,-0.1901213675737381,-0.6275457739830017,0,0.0710625872015953,0.9751309156417847,-0.20992931723594666,0,0.6518511176109314,0.11390367895364761,0.7497438788414001,0,0,0.876151978969574,0.3483310043811798,1,0.10752275586128235,-0.013203402049839497,-0.9941149950027466,0,0.9904468655586243,-0.0854109525680542,0.10826034098863602,0,-0.08633772283792496,-0.9962579607963562,0.0038937001954764128,0,0.6684079766273499,1.4949359893798828,-0.03617100045084953,1,0.9584599137306213,-0.2085401564836502,0.1945880502462387,0,-0.014881188049912453,0.6447346806526184,0.7642611861228943,0,-0.28483694791793823,-0.735409677028656,0.614849328994751,0,0,1.5037169456481934,0,1,-0.5836127400398254,0.8034161329269409,-0.11797546595335007,0,-0.8036598563194275,-0.5922760367393494,-0.05779136344790459,0,-0.11630453914403915,0.06108436360955238,0.9913330674171448,0,0,3.3016510009765625,0,1,0.781700849533081,0.10931675881147385,-0.6139982342720032,0,-0.10422824323177338,0.9935709834098816,0.04419988393783569,0,0.61488276720047,0.029444880783557892,0.7880692481994629,0,0,2.7329390048980713,0,1,0.9462220072746277,0.322867214679718,0.02052304893732071,0,-0.3206848204135895,0.9444220662117004,-0.072303906083107,0,-0.04272696003317833,0.06183408945798874,0.9971709847450256,0,-0.31367599964141846,0.46373501420021057,0,1,0.9777250289916992,-0.1749579757452011,0.11595005542039871,0,0.04953202232718468,0.7291528582572937,0.6825560927391052,0,-0.20396395027637482,-0.6616089940071106,0.7215770483016968,0,-0.06563899666070938,0.4430510103702545,0,1,0.9369949102401733,-0.329158216714859,-0.1170249953866005,0,0.33933377265930176,0.9371750950813293,0.08096688240766525,0,0.08302200585603714,-0.1155761182308197,0.9898229837417603,0,0.0031789999920874834,0.48552098870277405,0,1,0.5797940492630005,0.6795856356620789,0.44944635033607483,0,-0.5295881032943726,-0.10487056523561478,0.8417479991912842,0,0.6191733479499817,-0.7260617017745972,0.2990970313549042,0,0,0.9771119952201843,0,1,0.4603365361690521,0.6545581817626953,0.5997031331062317,0,-0.67955482006073,-0.1748567670583725,0.7124822735786438,0,0.5712231397628784,-0.7355127930641174,0.3643151819705963,0,0.05210400000214577,0.5617660284042358,0,1,0.5622952580451965,0.7254887819290161,0.3968498706817627,0,-0.6823261380195618,0.13592368364334106,0.7183009386062622,0,0.4671778678894043,-0.6746780276298523,0.5714490413665771,0,-0.029978999868035316,0.5294229984283447,0,1,0.3998112380504608,-0.14621493220329285,0.9048599600791931,0,-0.8780021071434021,-0.34454283118247986,0.3322700262069702,0,0.26318004727363586,-0.9273139834403992,-0.26612910628318787,0,-0.6684079766273499,1.4984140396118164,-0.058591000735759735,1,0.6029419898986816,-0.732017993927002,-0.31719207763671875,0,0.7971101403236389,0.5364159941673279,0.27726098895072937,0,-0.03281308710575104,-0.42000898718833923,0.9069259762763977,0,0,1.5037169456481934,0,1,-0.34708598256111145,-0.9346810579299927,0.07683516293764114,0,0.9349669814109802,-0.35126209259033203,-0.049509819597005844,0,0.07326516509056091,0.05465417355298996,0.9958140254020691,0,0,3.307734966278076,0,1,0.8494519591331482,-0.3749328851699829,0.37129026651382446,0,0.36464616656303406,0.9257028698921204,0.10053333640098572,0,-0.3813977539539337,0.04999132826924324,0.923058032989502,0,0,2.741194009780884,0,1,0.9741591215133667,-0.2113906741142273,-0.07955606281757355,0,0.18810731172561646,0.9542829394340515,-0.23228977620601654,0,0.12502294778823853,0.21132221817970276,0.9693880081176758,0,0.31780698895454407,0.5204169750213623,0,1,0.9757060408592224,0.19506502151489258,-0.09973781555891037,0,-0.07006900757551193,0.7091810703277588,0.7015359401702881,0,0.207577183842659,-0.6775040030479431,0.7056198716163635,0,0.08337199687957764,0.4806489944458008,0,1,0.9596349596977234,0.2618580460548401,0.10261919349431992,0,-0.2763049602508545,0.9458789825439453,0.17020100355148315,0,-0.05249681696295738,-0.19168499112129211,0.9800509810447693,0,0.015426999889314175,0.47726699709892273,0,1,0.5179406404495239,-0.7273522615432739,-0.45021700859069824,0,0.5707557201385498,-0.09818137437105179,0.8152292370796204,0,-0.6371620893478394,-0.6792047619819641,0.3642885386943817,0,0,1.004459023475647,0,1,0.3841409981250763,-0.7055859565734863,-0.595469057559967,0,0.7285240888595581,-0.16455590724945068,0.6649619936943054,0,-0.5671759843826294,-0.689253032207489,0.4508238732814789,0,-0.05621400102972984,0.588358998298645,0,1,0.5093182921409607,-0.7676106691360474,-0.38906124234199524,0,0.7262511253356934,0.14084580540657043,0.6728458404541016,0,-0.4616861939430237,-0.6252490878105164,0.6292137503623962,0,0.03230699896812439,0.5530980229377747,0,1,-0.9109921455383301,-0.1956438273191452,0.3630659282207489,0,0.31353920698165894,-0.9004371166229248,0.3015066087245941,0,0.2679300308227539,0.3885054290294647,0.8816328644752502,0,1.0144129991531372,-0.6594070196151733,-0.17839199304580688,1,0.9978669881820679,-0.058573972433805466,-0.028820112347602844,0,0.022088024765253067,0.7183929681777954,-0.695285975933075,0,0.061429884284734726,0.6931669116020203,0.718155026435852,0,0,5.199635982513428,0,1,0.9856089949607849,-0.16450713574886322,0.03888397663831711,0,0.03820587322115898,0.44086602330207825,0.8967589735984802,0,-0.16466602683067322,-0.8823689222335815,0.440807044506073,0,0,5.087769031524658,0,1,0.9822530746459961,-0.006786005571484566,0.18743965029716492,0,-0.10913799703121185,0.7920668721199036,0.6005991697311401,0,-0.15254032611846924,-0.6103968024253845,0.7772690653800964,0,0,1.9792859554290771,0,1,-0.9351980686187744,0.3164638578891754,-0.1589190512895584,0,-0.35353216528892517,-0.8602970242500305,0.36729198694229126,0,-0.02048296481370926,0.39967405796051025,0.9164289236068726,0,-1.0144129991531372,-0.6594070196151733,-0.1146169975399971,1,0.9905909895896912,-0.04033900052309036,0.13077561557292938,0,0.12907899916172028,0.5929218530654907,-0.7948471307754517,0,-0.045476388186216354,0.8042489290237427,0.5925500988960266,0,0,5.200582981109619,0,1,0.9767939448356628,0.21335822343826294,-0.018777059391140938,0,-0.03587477281689644,0.249409019947052,0.9677339792251587,0,0.2111569344997406,-0.9446019530296326,0.25127509236335754,0,0,5.092588901519775,0,1,0.9819450378417969,0.0060077547095716,-0.189072847366333,0,0.10970675200223923,0.7961599230766296,0.5950571298599243,0,0.15410715341567993,-0.6050558686256409,0.781126081943512,0,0,1.9834200143814087,0,1
K0.034,0.5959324240684509,0.11392993479967117,0.7949115037918091,0,0.02493649534881115,0.9867822527885437,-0.16012412309646606,0,-0.8026474714279175,0.11524546146392822,0.5852144956588745,0,0.9517182111740112,10.890554428100586,-0.8215436339378357,1,0.9985764622688293,-0.05087333917617798,-0.016018928959965706,0,0.05029101297259331,0.9981260299682617,-0.03487011417746544,0,0.017762865871191025,0.034014858305454254,0.9992634057998657,0,0,1.1871720552444458,-0.18419000506401062,1,0.9954439401626587,-0.07594513148069382,-0.05765760317444801,0,0.0872708335518837,0.9692661762237549,0.23001611232757568,0,0.03841695562005043,-0.23399993777275085,0.9714778065681458,0,0,1.4016029834747314,0,1,0.9954460263252258,-0.07589411735534668,-0.05769137293100357,0,0.08722961694002151,0.9692671298980713,0.23002922534942627,0,0.038460467010736465,-0.23401395976543427,0.9714728593826294,0,0,1.6018329858779907,0,1,0.9989392757415771,0.002812416758388281,-0.04597151651978493,0,0.007598415482789278,0.9743934273719788,0.2247208207845688,0,0.04542635753750801,-0.22483178973197937,0.9733386039733887,0,0,1.8020609617233276,0,1,0.7573023438453674,-0.18147149682044983,-0.6273448467254639,0,0.06593594700098038,0.9769549369812012,-0.2030080258846283,0,0.6497273445129395,0.11237377673387527,0.751815140247345,0,0,0.876151978969574,0.3483310043811798,1,0.10813549160957336,-0.012996749952435493,-0.9940515160560608,0,0.9905197620391846,-0.0838002935051918,0.10884691774845123,0,-0.08471651375293732,-0.9963981509208679,0.00381178455427289,0,0.6684079766273499,1.4949359893798828,-0.03617100045084953,1,0.9508110880851746,-0.2336341291666031,0.20340512692928314,0,-0.008608052507042885,0.6364478468894958,0.7712715268135071,0,-0.30965206027030945,-0.7350843548774719,0.6031304001808167,0,0,1.5037169456481934,0,1,-0.5836002826690674,0.8034259080886841,-0.11797446757555008,0,-0.8036695122718811,-0.5922633409500122,-0.057792190462350845,0,-0.11630365252494812,0.06108492240309715,0.9913336038589478,0,0,3.3016510009765625,0,1,0.8002177476882935,0.1253000944852829,-0.5864734649658203,0,-0.1102893203496933,0.9919973015785217,0.06145526468753815,0,0.589480996131897,0.01550417859107256,0.8076338768005371,0,0,2.7329390048980713,0,1,0.946222186088562,0.3228667676448822,0.020523060113191605,0,-0.3206842541694641,0.9444218873977661,-0.072303906083107,0,-0.042726945132017136,0.061834122985601425,0.9971709847450256,0,-0.31367599964141846,0.46373501420021057,0,1,0.9777251482009888,-0.1749577522277832,0.1159508153796196,0,0.04953126609325409,0.7291526794433594,0.6825562715530396,0,-0.2039642035961151,-0.6616086959838867,0.7215762138366699,0,-0.06563899666070938,0.4430510103702545,0,1,0.9369949102401733,-0.329158216714859,-0.1170249953866005,0,0.33933377265930176,0.9371750950813293,0.08096688240766525,0,0.08302200585603714,-0.1155761182308197,0.9898229837417603,0,0.0031789999920874834,0.48552098870277405,0,1,0.5797940492630005,0.6795849800109863,0.4494469165802002,0,-0.529587984085083,-0.1048707664012909,0.841746985912323,0,0.6191728711128235,-0.7260620594024658,0.29909685254096985,0,0,0.9771119952201843,0,1,0.4603365361690521,0.6545581817626953,0.5997031331062317,0,-0.67955482006073,-0.1748567670583725,0.7124822735786438,0,0.5712231397628784,-0.7355127930641174,0.3643151819705963,0,0.05210400000214577,0.5617660284042358,0,1,0.5622952580451965,0.7254887819290161,0.3968498706817627,0,-0.6823261380195618,0.13592368364334106,0.7183009386062622,0,0.4671778678894043,-0.6746780276298523,0.5714490413665771,0,-0.029978999868035316,0.5294229984283447,0,1,0.40061408281326294,-0.1474210023880005,0.904309093952179,0,-0.8790827989578247,-0.3400859534740448,0.33399760723114014,0,0.25830480456352234,-0.9287675023078918,-0.265838623046875,0,-0.6684079766273499,1.4984140396118164,-0.058591000735759735,1,0.5936852097511292,-0.7365580201148987,-0.3240661323070526,0,0.8042807579040527,0.5301767587661743,0.2684134244918823,0,-0.02588970772922039,-0.4199933409690857,0.9071577787399292,0,0,1.5037169456481934,0,1,-0.3461173474788666,-0.9350435137748718,0.07678376138210297,0,0.9353304505348206,-0.3502907156944275,-0.04952853545546532,0,0.07320800423622131,0.05467551201581955,0.9958168268203735,0,0,3.307734966278076,0,1,0.8468946814537048,-0.37455713748931885,0.37746021151542664,0,0.3628113567829132,0.9259506464004517,0.10480157285928726,0,-0.3887638747692108,0.048190969973802567,0.9200766682624817,0,0,2.741194009780884,0,1,0.9741591215133667,-0.2113906890153885,-0.07955611497163773,0,0.18810731172561646,0.9542829394340515,-0.23228991031646729,0,0.12502288818359375,0.2113220989704132,0.9693869948387146,0,0.31780698895454407,0.5204169750213623,0,1,0.9757060408592224,0.1950649470090866,-0.09973779320716858,0,-0.07006906718015671,0.709181010723114,0.7015349864959717,0,0.20757724344730377,-0.6775040626525879,0.7056209444999695,0,0.08337199687957764,0.4806489944458008,0,1,0.9596351981163025,0.26185864210128784,0.1026187539100647,0,-0.2763053774833679,0.9458788633346558,0.17020106315612793,0,-0.052496250718832016,-0.19168493151664734,0.9800509810447693,0,0.015426999889314175,0.47726699709892273,0,1,0.5179420113563538,-0.7273522019386292,-0.45021674036979675,0,0.5707558989524841,-0.09817983955144882,0.8152291178703308,0,-0.6371607780456543,-0.6792051792144775,0.3642890155315399,0,0,1.004459023475647,0,1,0.3841403126716614,-0.7055866122245789,-0.5954691767692566,0,0.7285240292549133,-0.16455645859241486,0.6649618744850159,0,-0.5671762228012085,-0.6892518401145935,0.4508238434791565,0,-0.05621400102972984,0.588358998298645,0,1,0.5093182921409607,-0.7676109075546265,-0.3890608847141266,0,0.7262511849403381,0.1408461630344391,0.672845721244812,0,-0.4616858661174774,-0.625248372554779,0.6292136907577515,0,0.03230699896812439,0.5530980229377747,0,1,-0.9079558849334717,-0.19945798814296722,0.3685539662837982,0,0.31880223751068115,-0.8995741009712219,0.29854822158813477,0,0.27199405431747437,0.3885648250579834,0.8803621530532837,0,1.0144129991531372,-0.6594070196151733,-0.17839199304580688,1,0.9971609711647034,-0.064849853515625,-0.03826892375946045,0,0.01997659169137478,0.7178422808647156,-0.6959195137023926,0,0.07260135561227798,0.6931795477867126,0.7171000242233276,0,0,5.199635982513428,0,1,0.985760509967804,-0.16362588107585907,0.03877215459942818,0,0.03813176602125168,0.4420762062072754,0.8961668014526367,0,-0.1637762039899826,-0.8819267749786377,0.44202032685279846,0,0,5.087769031524658,0,1,0.9822410941123962,-0.006909942254424095,0.18749703466892242,0,-0.10919473320245743,0.7915935516357422,0.6012117266654968,0,-0.15257585048675537,-0.6110089421272278,0.7767815589904785,0,0,1.9792859554290771,0,1,-0.9353140592575073,0.31545060873031616,-0.16024239361286163,0,-0.3530263602733612,-0.8622992038726807,0.36306053400039673,0,-0.023649226874113083,0.39614543318748474,0.9178829789161682,0,-1.0144129991531372,-0.6594070196151733,-0.1146169975399971,1,0.9910586476325989,-0.03785619139671326,0.12794318795204163,0,0.12558139860630035,0.5886075496673584,-0.79860520362854,0,-0.04507618397474289,0.807532012462616,0.5880987644195557,0,0,5.200582981109619,0,1,0.9776643514633179,0.20911863446235657,-0.020994950085878372,0,-0.031100526452064514,0.2427445352077484,0.9695917367935181,0,0.2078561633825302,-0.9472825527191162,0.24382643401622772,0,0,5.092588901519775,0,1,0.981982946395874,0.005604707635939121,-0.18888695538043976,0,0.10952595621347427,0.7976666688919067,0.5930707454681396,0,0.15399271249771118,-0.6030729413032532,0.7826806306838989,0,0,1.9834200143814087,0,1
K0.067,0.5986171364784241,0.11189240962266922,0.7931825518608093,0,0.027724476531147957,0.98670893907547,-0.16011646389961243,0,-0.8005557060241699,0.11783894896507263,0.5875583291053772,0,0.9448792934417725,10.918620109558105,-0.8247135877609253,1,0.9986118078231812,-0.050836607813835144,-0.013820948079228401,0,0.05028875917196274,0.9980321526527405,-0.03745156154036522,0,0.0156976580619812,0.03670452535152435,0.9992029666900635,0,0,1.1871720552444458,-0.18419000506401062,1,0.9954392313957214,-0.07640931010246277,-0.057123083621263504,0,0.08759039640426636,0.9692800641059875,0.22983531653881073,0,0.03780669346451759,-0.23379041254520416,0.9715517163276672,0,0,1.4016029834747314,0,1,0.9954411387443542,-0.07634640485048294,-0.05716770514845848,0,0.08754038065671921,0.9692800641059875,0.22985441982746124,0,0.03786296397447586,-0.23381105065345764,0.9715448021888733,0,0,1.6018329858779907,0,1,0.9989608526229858,0.0033887368626892567,-0.04545579478144646,0,0.007108696736395359,0.9734482765197754,0.22879524528980255,0,0.04502421244978905,-0.22888070344924927,0.9724130630493164,0,0,1.8020609617233276,0,1,0.7609803676605225,-0.16841265559196472,-0.6265347003936768,0,0.0636836588382721,0.9804468750953674,-0.1861950010061264,0,0.6456418633460999,0.10179076343774796,0.7568262815475464,0,0,0.876151978969574,0.3483310043811798,1,0.10763219743967056,-0.012927224859595299,-0.9941067099571228,0,0.9906806349754333,-0.08255315572023392,0.1083347499370575,0,-0.08346714824438095,-0.9965029358863831,0.003921390976756811,0,0.6684079766273499,1.4949359893798828,-0.03617100045084953,1,0.9457748532295227,-0.2520730793476105,0.20486482977867126,0,0.000756686320528388,0.632403552532196,0.7746389508247375,0,-0.32482269406318665,-0.732478678226471,0.5983018279075623,0,0,1.5037169456481934,0,1,-0.5914942622184753,0.7975472807884216,-0.11854170262813568,0,-0.7977895736694336,-0.6002009510993958,-0.05736937373876572,0,-0.11690369248390198,0.060637712478637695,0.9912907481193542,0,0,3.3016510009765625,0,1,0.8136501312255859,0.13120834529399872,-0.5663546323776245,0,-0.1128760501742363,0.9913141131401062,0.06749669462442398,0,0.5702916979789734,0.009009185247123241,0.8213934898376465,0,0,2.7329390048980713,0,1,0.946222186088562,0.3228667676448822,0.02052297629415989,0,-0.3206842243671417,0.9444218873977661,-0.07230439782142639,0,-0.0427270270884037,0.06183462217450142,0.9971710443496704,0,-0.31367599964141846,0.46373501420021057,0,1,0.977725088596344,-0.17495760321617126,0.11595025658607483,0,0.04953143373131752,0.7291519641876221,0.6825559735298157,0,-0.2039637267589569,-0.6616089344024658,0.7215760946273804,0,-0.06563899666070938,0.4430510103702545,0,1,0.9369949102401733,-0.329158216714859,-0.1170249953866005,0,0.33933377265930176,0.9371750950813293,0.08096688240766525,0,0.08302200585603714,-0.1155761182308197,0.9898229837417603,0,0.0031789999920874834,0.48552098870277405,0,1,0.5797941088676453,0.6795849204063416,0.4494459629058838,0,-0.5295880436897278,-0.10487018525600433,0.8417479991912842,0,0.6191729307174683,-0.726061999797821,0.29909706115722656,0,0,0.9771119952201843,0,1,0.46033692359924316,0.6545578837394714,0.5997031331062317,0,-0.6795541048049927,-0.17485667765140533,0.7124819159507751,0,0.5712231397628784,-0.7355129718780518,0.3643147647380829,0,0.05210400000214577,0.5617660284042358,0,1,0.5622950196266174,0.7254889011383057,0.3968500792980194,0,-0.682326078414917,0.13592322170734406,0.7183009386062622,0,0.4671781063079834,-0.6746780872344971,0.571448802947998,0,-0.029978999868035316,0.5294229984283447,0,1,0.3994697630405426,-0.1485949009656906,0.9046237468719482,0,-0.8806756138801575,-0.3362785577774048,0.3336569368839264,0,0.2546258866786957,-0.9299660921096802,-0.2651970386505127,0,-0.6684079766273499,1.4984140396118164,-0.058591000735759735,1,0.5905929207801819,-0.7401028871536255,-0.3216326832771301,0,0.8066641688346863,0.5304784178733826,0.2605503797531128,0,-0.02221488207578659,-0.4133286774158478,0.9103111624717712,0,0,1.5037169456481934,0,1,-0.3503519594669342,-0.9334471225738525,0.07700812816619873,0,0.9337332844734192,-0.3545383810997009,-0.049443505704402924,0,0.07345519959926605,0.054582398384809494,0.9958033561706543,0,0,3.307734966278076,0,1,0.8474342823028564,-0.3750383257865906,0.3757692873477936,0,0.3636384606361389,0.9257329106330872,0.1038551777601242,0,-0.3868114948272705,0.04863370954990387,0.9208759069442749,0,0,2.741194009780884,0,1,0.9741590023040771,-0.21139012277126312,-0.07955621182918549,0,0.1881069839000702,0.9542840719223022,-0.23228998482227325,0,0.12502285838127136,0.21132200956344604,0.9693869948387146,0,0.31780698895454407,0.5204169750213623,0,1,0.9757060408592224,0.19506488740444183,-0.09973781555891037,0,-0.07006914168596268,0.7091817855834961,0.7015352249145508,0,0.207577183842659,-0.677503764629364,0.7056212425231934,0,0.08337199687957764,0.4806489944458008,0,1,0.9596350789070129,0.26185908913612366,0.10261881351470947,0,-0.2763059139251709,0.9458790421485901,0.1702011078596115,0,-0.05249622464179993,-0.19168496131896973,0.9800509810447693,0,0.015426999889314175,0.47726699709892273,0,1,0.5179415345191956,-0.7273522615432739,-0.45021718740463257,0,0.5707557201385498,-0.09818098694086075,0.8152292966842651,0,-0.6371611952781677,-0.6792047023773193,0.36428821086883545,0,0,1.004459023475647,0,1,0.38414090871810913,-0.7055870294570923,-0.5954691171646118,0,0.7285240292549133,-0.16455593705177307,0.664962112903595,0,-0.5671760439872742,-0.6892519593238831,0.45082396268844604,0,-0.05621400102972984,0.588358998298645,0,1,0.5093182921409607,-0.7676109075546265,-0.3890608847141266,0,0.7262511849403381,0.1408461630344391,0.672845721244812,0,-0.4616858661174774,-0.625248372554779,0.6292136907577515,0,0.03230699896812439,0.5530980229377747,0,1,-0.9093717336654663,-0.19987109303474426,0.3648220896720886,0,0.315520316362381,-0.9029409885406494,0.291795551776886,0,0.27109116315841675,0.38045915961265564,0.8841718435287476,0,1.0144129991531372,-0.6594070196151733,-0.17839199304580688,1,0.9974312782287598,-0.05957143381237984,-0.03976830840110779,0,0.016124917194247246,0.7277268767356873,-0.6856775879859924,0,0.06978724896907806,0.6832748651504517,0.7268179059028625,0,0,5.199635982513428,0,1,0.9853519201278687,-0.16608335077762604,0.03870544955134392,0,0.04033685475587845,0.4475114345550537,0.8933678269386292,0,-0.1656947284936905,-0.8787208199501038,0.44765570759773254,0,0,5.087769031524658,0,1,0.9822525978088379,-0.006788154132664204,0.18744118511676788,0,-0.10913987457752228,0.792056143283844,0.6006125211715698,0,-0.1525409072637558,-0.610410213470459,0.7772579193115234,0,0,1.9792859554290771,0,1,-0.9361168742179871,0.3137205243110657,-0.1589454710483551,0,-0.3506499230861664,-0.8672902584075928,0.35334473848342896,0,-0.027000369504094124,0.3865060806274414,0.9218909740447998,0,-1.0144129991531372,-0.6594070196151733,-0.1146169975399971,1,0.9911951422691345,-0.03762618824839592,0.1269485354423523,0,0.12409893423318863,0.5982740521430969,-0.7916239500045776,0,-0.04616420716047287,0.8004075884819031,0.5976753830909729,0,0,5.200582981109619,0,1,0.9776626825332642,0.20856674015522003,-0.02598739229142666,0,-0.026828143745660782,0.24646757543087006,0.9687798619270325,0,0.20846027135849,-0.9464426040649414,0.2465575635433197,0,0,5.092588901519775,0,1,0.981986939907074,0.005566705949604511,-0.18886929750442505,0,0.10950842499732971,0.7978094220161438,0.5928809642791748,0,0.15398207306861877,-0.60288405418396,0.782828688621521,0,0,1.9834200143814087,0,1
K0.101,0.6006033420562744,0.11006711423397064,0.7919342517852783,0,0.02943294681608677,0.9867643117904663,-0.15946756303310394,0,-0.7990051507949829,0.11908579617738724,0.5894147753715515,0,0.9455821514129639,10.97632884979248,-0.8002969622612,1,0.9985554814338684,-0.05129177123308182,-0.01601709984242916,0,0.050567857921123505,0.9978058338165283,-0.04273049533367157,0,0.018173683434724808,0.04185883700847626,0.9989585876464844,0,0,1.1871720552444458,-0.18419000506401062,1,0.9954057335853577,-0.07644859701395035,-0.05764349550008774,0,0.08770985901355743,0.9695128798484802,0.22880299389362335,0,0.038394488394260406,-0.2328079640865326,0.9717650413513184,0,0,1.4016029834747314,0,1,0.9954077005386353,-0.07641318440437317,-0.05766507238149643,0,0.08768093585968018,0.969512939453125,0.22881634533405304,0,0.03842243179678917,-0.23282159864902496,0.9717602729797363,0,0,1.6018329858779907,0,1,0.9989974498748779,0.003881471697241068,-0.044594042003154755,0,0.006600038148462772,0.9725719690322876,0.23250712454319,0,0.04427342861890793,-0.23256857693195343,0.9715722799301147,0,0,1.8020609617233276,0,1,0.7659326791763306,-0.156992107629776,-0.6234585642814636,0,0.06328868865966797,0.9834293723106384,-0.16988421976566315,0,0.6397978663444519,0.09066197276115417,0.763176441192627,0,0,0.876151978969574,0.3483310043811798,1,0.10689816623926163,-0.01280142180621624,-0.9941873550415039,0,0.9909363985061646,-0.08044624328613281,0.10758448392152786,0,-0.08135584741830826,-0.9966769814491272,0.004085813648998737,0,0.6684079766273499,1.4949359893798828,-0.03617100045084953,1,0.945254921913147,-0.25813883543014526,0.19964192807674408,0,0.008760452270507812,0.6316277384757996,0.7752220034599304,0,-0.3262145519256592,-0.7310340404510498,0.599311113357544,0,0,1.5037169456481934,0,1,-0.6011929512023926,0.7901579141616821,-0.11923925578594208,0,-0.7903974652290344,-0.6099522113800049,-0.056837260723114014,0,-0.11764059960842133,0.060076210647821426,0.9912372827529907,0,0,3.3016510009765625,0,1,0.818874716758728,0.1264180988073349,-0.5598770976066589,0,-0.11113672703504562,0.991905689239502,0.061420198529958725,0,0.5631095767021179,0.011927453801035881,0.826295793056488,0,0,2.7329390048980713,0,1,0.946222186088562,0.3228667676448822,0.02052289806306362,0,-0.3206842541694641,0.9444218873977661,-0.0723048746585846,0,-0.04272710531949997,0.061835091561079025,0.9971709847450256,0,-0.31367599964141846,0.46373501420021057,0,1,0.9777250289916992,-0.1749580353498459,0.11595012992620468,0,0.04953194409608841,0.7291526794433594,0.6825563311576843,0,-0.20396390557289124,-0.6616086959838867,0.7215762734413147,0,-0.06563899666070938,0.4430510103702545,0,1,0.9369950890541077,-0.32915782928466797,-0.1170249879360199,0,0.33933326601982117,0.937174916267395,0.08096688985824585,0,0.08302204310894012,-0.1155761107802391,0.9898229837417603,0,0.0031789999920874834,0.48552098870277405,0,1,0.5797940492630005,0.6795849800109863,0.4494469165802002,0,-0.529587984085083,-0.1048707664012909,0.8417470455169678,0,0.6191729307174683,-0.7260620594024658,0.29909685254096985,0,0,0.9771119952201843,0,1,0.46033716201782227,0.6545579433441162,0.5997028946876526,0,-0.6795539855957031,-0.17485612630844116,0.7124818563461304,0,0.5712229013442993,-0.7355129718780518,0.3643150329589844,0,0.05210400000214577,0.5617660284042358,0,1,0.5622950196266174,0.7254889011383057,0.3968500792980194,0,-0.682326078414917,0.13592322170734406,0.7183009386062622,0,0.4671781063079834,-0.6746780872344971,0.571448802947998,0,-0.029978999868035316,0.5294229984283447,0,1,0.3966614603996277,-0.15000765025615692,0.9056253433227539,0,-0.8830018043518066,-0.3320330083370209,0.33175453543663025,0,0.2509319484233856,-0.9312637448310852,-0.26416194438934326,0,-0.6684079766273499,1.4984140396118164,-0.058591000735759735,1,0.5954569578170776,-0.7388402819633484,-0.315508633852005,0,0.8031284809112549,0.5374767780303955,0.2571053206920624,0,-0.02038118802011013,-0.40648919343948364,0.9134281873703003,0,0,1.5037169456481934,0,1,-0.3588348627090454,-0.9301815032958984,0.07745736092329025,0,0.9304665327072144,-0.36304765939712524,-0.04927100986242294,0,0.07395172864198685,0.05439135059714317,0.9957772493362427,0,0,3.307734966278076,0,1,0.8495948314666748,-0.3765159547328949,0.36935585737228394,0,0.3642663061618805,0.9253148436546326,0.10536466538906097,0,-0.38144221901893616,0.04502664506435394,0.9232954382896423,0,0,2.741194009780884,0,1,0.974157989025116,-0.21139107644557953,-0.07955693453550339,0,0.1881079226732254,0.9542840123176575,-0.23229002952575684,0,0.1250240057706833,0.21132196485996246,0.9693880677223206,0,0.31780698895454407,0.5204169750213623,0,1,0.9757060408592224,0.19506467878818512,-0.09973730891942978,0,-0.07006935030221939,0.7091817855834961,0.7015352249145508,0,0.2075767070055008,-0.6775038242340088,0.7056213021278381,0,0.08337199687957764,0.4806489944458008,0,1,0.9596349596977234,0.2618579864501953,0.10261930525302887,0,-0.27630504965782166,0.9458789825439453,0.17020198702812195,0,-0.05249667167663574,-0.1916859745979309,0.9800509810447693,0,0.015426999889314175,0.47726699709892273,0,1,0.5179417133331299,-0.7273522019386292,-0.45021697878837585,0,0.5707559585571289,-0.09818027913570404,0.8152291178703308,0,-0.6371610164642334,-0.679205060005188,0.36428889632225037,0,0,1.004459023475647,0,1,0.3841399550437927,-0.7055862545967102,-0.5954688787460327,0,0.728523850440979,-0.164556086063385,0.6649610996246338,0,-0.5671758651733398,-0.6892518997192383,0.45082423090934753,0,-0.05621400102972984,0.588358998298645,0,1,0.5093182921409607,-0.7676109075546265,-0.3890608847141266,0,0.7262511849403381,0.1408461630344391,0.672845721244812,0,-0.4616858661174774,-0.625248372554779,0.6292136907577515,0,0.03230699896812439,0.5530980229377747,0,1,-0.9148473739624023,-0.19586442410945892,0.35311681032180786,0,0.30356478691101074,-0.9102550745010376,0.2815750539302826,0,0.26627567410469055,0.3647918403148651,0.8922015428543091,0,1.0144129991531372,-0.6594070196151733,-0.17839199304580688,1,0.9983283877372742,-0.0454743318259716,-0.035670142620801926,0,0.010078120976686478,0.7447006106376648,-0.6673225164413452,0,0.056909628212451935,0.6658475995063782,0.7439141273498535,0,0,5.199635982513428,0,1,0.9846245646476746,-0.17030152678489685,0.038876090198755264,0,0.04362069442868233,0.4552106261253357,0.8893142938613892,0,-0.16914847493171692,-0.8739453554153442,0.4556404948234558,0,0,5.087769031524658,0,1,0.9822354912757874,-0.006971421651542187,0.1875254213809967,0,-0.10922262817621231,0.7913602590560913,0.6015143990516663,0,-0.15259340405464172,-0.6113101840019226,0.7765398621559143,0,0,1.9792859554290771,0,1,-0.9369661211967468,0.31283125281333923,-0.15566183626651764,0,-0.3480920195579529,-0.8744648694992065,0.3378506600856781,0,-0.030430568382143974,0.37073954939842224,0.9282386898994446,0,-1.0144129991531372,-0.6594070196151733,-0.1146169975399971,1,0.99097740650177,-0.039952222257852554,0.12793783843517303,0,0.1250441074371338,0.6192248463630676,-0.7751927375793457,0,-0.04825163632631302,0.7841965556144714,0.6186338067054749,0,0,5.200582981109619,0,1,0.9765089154243469,0.2129678875207901,-0.03278566524386406,0,-0.024142088368535042,0.25933074951171875,0.9654872417449951,0,0.2141200304031372,-0.9420149922370911,0.2583801746368408,0,0,5.092588901519775,0,1,0.9819846749305725,0.00558197358623147,-0.18887615203857422,0,0.10951532423496246,0.7977518439292908,0.5929567813873291,0,0.15398631989955902,-0.6029598712921143,0.782769501209259,0,0,1.9834200143814087,0,1
