0.933,30,28,41
B0,mixamorig_Hips,-1,0.9922810196876526,-0.057034000754356384,0.11011400073766708,0,0.06378699839115143,0.9962289929389954,-0.05880799889564514,0,-0.10634399950504303,0.06537800282239914,0.9921780228614807,0,0.008461999706923962,11.79404067993164,0.12375500053167343,1
B1,mixamorig_Spine,0,0.9986159801483154,0.04668800160288811,-0.02419999986886978,0,-0.04867200180888176,0.994825005531311,-0.08918300271034241,0,0.01991100050508976,0.09023799747228622,0.9957209825515747,0,0,1.2427419424057007,-0.1856590062379837,1
B2,mixamorig_Spine1,1,0.9996150135993958,0.027706999331712723,-0.0012969999806955457,0,-0.027675999328494072,0.999413013458252,0.020200999453663826,0,0.0018560000462457538,-0.020157000049948692,0.9997950196266174,0,0,1.4659559726715088,0,1
B3,mixamorig_Spine2,2,0.9996110200881958,0.027823999524116516,-0.0016799999866634607,0,-0.027785999700427055,0.9994189739227295,0.019759999588131905,0,0.002228999976068735,-0.01970599964261055,0.9998030066490173,0,0,1.6753770112991333,0,1
B4,mixamorig_Neck,3,0.9999679923057556,0.007360000163316727,0.0032730000093579292,0,-0.007935999892652035,0.9697459936141968,0.2439890056848526,0,-0.0013780000153928995,-0.24400700628757477,0.96977299451828,0,0,1.8847999572753906,0,1
B5,mixamorig_Head,4,0.9997109770774841,-0.0045540002174675465,-0.023615000769495964,0,0.0014059999957680702,0.9912949800491333,-0.1316560059785843,0,0.02400900050997734,0.13158400356769562,0.9910140037536621,0,0,0.855912983417511,0.3470599949359894,1
B6,mixamorig_HeadTop_End,5,1,0,0,0,0,1,0,0,0,0,1,0,0,2.8392999172210693,1.1512919664382935,1
B7,mixamorig_LeftShoulder,3,0.25109899044036865,0.010869000107049942,-0.9678999781608582,0,0.8745660185813904,-0.43108099699020386,0.22204500436782837,0,-0.4148310124874115,-0.9022480249404907,-0.11774899810552597,0,0.652642011642456,1.576030969619751,-0.03514900058507919,1
B8,mixamorig_LeftArm,7,0.8770419955253601,0.3725779950618744,-0.30328699946403503,0,0.0898979976773262,0.49287399649620056,0.865444004535675,0,0.4719280004501343,-0.786296010017395,0.3987770080566406,0,0,1.451390027999878,0,1
B9,mixamorig_LeftForeArm,8,0.99965900182724,0.025376999750733376,-0.006132999900728464,0,-0.02538999915122986,0.999675989151001,-0.001979999942705035,0,0.006080999970436096,0.0021349999587982893,0.9999790191650391,0,0,3.2703590393066406,0,1
B10,mixamorig_LeftHand,9,0.9834780097007751,0.09506099671125412,-0.1540600061416626,0,-0.08505800366401672,0.9938939809799194,0.0702819973230362,0,0.15980100631713867,-0.05601700022816658,0.9855589866638184,0,0,2.8214590549468994,0,1
B11,mixamorig_LeftHandThumb1,10,0.9063079953193665,0.4226140081882477,-0.0019759999122470617,0,-0.42211899161338806,0.9049990177154541,-0.05284599959850311,0,-0.020545000210404396,0.04872899875044823,0.9986010193824768,0,-0.3050509989261627,0.43549299240112305,0,1
B12,mixamorig_LeftHandThumb2,11,0.9170349836349487,-0.3448989987373352,-0.20023000240325928,0,0.37842801213264465,0.9109920263290405,0.16396799683570862,0,0.12585599720478058,-0.22613699734210968,0.9659309983253479,0,-0.06800000369548798,0.4198940098285675,0,1
B13,mixamorig_LeftHandThumb3,12,0.9897559881210327,0.023896999657154083,0.14075599610805511,0,0.004337000194936991,0.9804049730300903,-0.19694599509239197,0,-0.14270399510860443,0.19553899765014648,0.9702579975128174,0,-0.004792999941855669,0.4857949912548065,0,1
B14,mixamorig_LeftHandThumb4,13,1,0,0,0,0,1,0,0,0,0,1,0,0.07279200106859207,0.44150298833847046,0,1
B15,mixamorig_LeftHandIndex1,10,0.9752020239830017,0.21859900653362274,-0.0345660001039505,0,-0.21522000432014465,0.973110020160675,0.08208400011062622,0,0.051580000668764114,-0.07260899990797043,0.9960259795188904,0,0,0.9967560172080994,0,1
B16,mixamorig_LeftHandIndex2,15,0.9987059831619263,0.04803700000047684,0.016681000590324402,0,-0.05051900073885918,0.9747120141983032,0.2176789939403534,0,-0.005803000181913376,-0.21824100613594055,0.9758780002593994,0,0.060189999639987946,0.5512700080871582,0,1
B17,mixamorig_LeftHandIndex3,16,0.9965909719467163,0.08243300020694733,-0.0033740000799298286,0,-0.08166100084781647,0.9914349913597107,0.1019200012087822,0,0.011746999807655811,-0.10129699856042862,0.9947869777679443,0,-0.026318000629544258,0.4993000030517578,0,1
B18,mixamorig_LeftHandIndex4,17,1,0,0,0,0,1,0,0,0,0,1,0,-0.033872999250888824,0.5011600255966187,0,1
B19,mixamorig_RightShoulder,3,0.1779329925775528,-0.01848199963569641,0.9838690161705017,0,-0.8761739730834961,-0.4581100046634674,0.149850994348526,0,0.44795000553131104,-0.8887040019035339,-0.09770599752664566,0,-0.652642011642456,1.5792399644851685,-0.05662799999117851,1
B20,mixamorig_RightArm,19,0.7591440081596375,-0.46957600116729736,0.45077601075172424,0,-0.08685500174760818,0.6132509708404541,0.7850980162620544,0,-0.6451020240783691,-0.6351550221443176,0.42476099729537964,0,0,1.451390027999878,0,1
B21,mixamorig_RightForeArm,20,0.9931790232658386,-0.1162939965724945,0.008431999944150448,0,0.11635400354862213,0.9931830167770386,-0.006963999941945076,0,-0.007563999854028225,0.007896999828517437,0.9999399781227112,0,0,3.2765069007873535,0,1
B22,mixamorig_RightHand,21,0.8963159918785095,-0.08498500287532806,0.4351949989795685,0,0.04002299904823303,0.9929609894752502,0.11147399991750717,0,-0.44160500168800354,-0.08249899744987488,0.893409013748169,0,0,2.8292040824890137,0,1
B23,mixamorig_RightHandThumb1,22,0.9003999829292297,-0.4348979890346527,-0.011978999711573124,0,0.4311540126800537,0.8956549763679504,-0.10912899672985077,0,0.05818900093436241,0.09309499710798264,0.9939550161361694,0,0.32116401195526123,0.5079699754714966,0,1
B24,mixamorig_RightHandThumb2,23,0.916146993637085,0.34459400177001953,0.20476900041103363,0,-0.38892999291419983,0.8877949714660645,0.24607700109481812,0,-0.09699700027704239,-0.3050839900970459,0.9473729729652405,0,0.08328499644994736,0.4735170006752014,0,1
B25,mixamorig_RightHandThumb3,24,0.9918519854545593,0.01544100046157837,-0.12645700573921204,0,-0.044436998665332794,0.972216010093689,-0.22982800006866455,0,0.11939500272274017,0.2335740029811859,0.9649810194969177,0,-0.002070999937132001,0.4775800108909607,0,1
B26,mixamorig_RightHandThumb4,25,1,0,0,0,0,1,0,0,0,0,1,0,-0.08121500164270401,0.3971160054206848,0,1
B27,mixamorig_RightHandIndex1,22,0.9705420136451721,-0.23412199318408966,0.05688700079917908,0,0.23025499284267426,0.9708150029182434,0.06709100306034088,0,-0.070933997631073,-0.0520160011947155,0.9961240291595459,0,0,1.0201549530029297,0,1
B28,mixamorig_RightHandIndex2,27,0.9999690055847168,-0.0021699999924749136,-0.007538000121712685,0,0.0036150000523775816,0.980334997177124,0.1973090022802353,0,0.0069610001519322395,-0.19732999801635742,0.9803119897842407,0,-0.07540299743413925,0.5894140005111694,0,1
B29,mixamorig_RightHandIndex3,28,0.9871879816055298,-0.15938399732112885,-0.007513999938964844,0,0.15939100086688995,0.9828680157661438,0.09255199879407883,0,-0.007366999983787537,-0.09256400167942047,0.9956790208816528,0,0.0557279996573925,0.5480239987373352,0,1
B30,mixamorig_RightHandIndex4,29,1,0,0,0,0,1,0,0,0,0,1,0,0.019675999879837036,0.41751301288604736,0,1
B31,mixamorig_LeftUpLeg,0,-0.9508510231971741,-0.13980700075626373,0.27629101276397705,0,0.18084999918937683,-0.9750109910964966,0.12902399897575378,0,0.25134798884391785,0.17264999449253082,0.9523739814758301,0,1.022987961769104,-0.6898429989814758,-0.1812169998884201,1
B32,mixamorig_LeftLeg,31,0.9979720115661621,0.05827099829912186,0.025627000257372856,0,-0.04940599948167801,0.9628700017929077,-0.265406996011734,0,-0.04014100134372711,0.26360300183296204,0.9637960195541382,0,0,5.231299877166748,0,1
B33,mixamorig_LeftFoot,32,0.9973040223121643,-0.04780400171875954,0.055674999952316284,0,-0.018549000844359398,0.5698500275611877,0.8215389847755432,0,-0.07099899649620056,-0.8203570246696472,0.5674269795417786,0,0,4.76700496673584,0,1
B34,mixamorig_LeftToeBase,33,0.9814879894256592,-0.013764999806880951,0.19102700054645538,0,-0.11253300309181213,0.7656319737434387,0.6333590149879456,0,-0.15497499704360962,-0.6431310176849365,0.7499099969863892,0,0,1.9788390398025513,0,1
B35,mixamorig_LeftToe_End,34,1,0,0,0,0,1,0,0,0,0,1,0,0,0.7514830231666565,0,1
B36,mixamorig_RightUpLeg,0,-0.9835879802703857,-0.043519001454114914,-0.17509999871253967,0,0.04922199994325638,-0.9983850121498108,-0.02835799939930439,0,-0.1735839992761612,-0.03651199862360954,0.984142005443573,0,-1.022987961769104,-0.6898429989814758,-0.09872400015592575,1
B37,mixamorig_RightLeg,36,0.9849079847335815,-0.047951001673936844,-0.16630199551582336,0,0.019593000411987305,0.9855690002441406,-0.1681389957666397,0,0.17196400463581085,0.16234299540519714,0.9716339707374573,0,0,5.234388828277588,0,1
B38,mixamorig_RightFoot,37,0.9965710043907166,-0.017841000109910965,-0.08079399913549423,0,0.07902999967336655,0.494376003742218,0.8656479716300964,0,0.024498000741004944,-0.86906498670578,0.4940910041332245,0,0,4.769873142242432,0,1
B39,mixamorig_RightToeBase,38,0.9805240035057068,0.020673999562859535,-0.19531099498271942,0,0.11636199802160263,0.7399640083312988,0.6625049710273743,0,0.15821899473667145,-0.672327995300293,0.7231469750404358,0,0,1.9828089475631714,0,1
B40,mixamorig_RightToe_End,39,1,0,0,0,0,1,0,0,0,0,1,0,0,0.7492420077323914,0,1
@34,0,1,2,3,4,5,7,8,9,10,11,12,13,15,16,17,19,20,21,22,23,24,25,27,28,29,31,32,33,34,36,37,38,39
K0.000,0.9922810792922974,-0.057034071534872055,0.11011360585689545,0,0.06378692388534546,0.9962289929389954,-0.058808039873838425,0,-0.10634437948465347,0.06537795811891556,0.9921779632568359,0,0.008461999706923962,11.79404067993164,0.12375500053167343,1,0.9986159801483154,0.046688005328178406,-0.02420000731945038,0,-0.048671990633010864,0.994825005531311,-0.0891832634806633,0,0.019910993054509163,0.09023773670196533,0.9957210421562195,0,0,1.2427419424057007,-0.1856590062379837,1,0.9996150135993958,0.027707403525710106,-0.0012970243114978075,0,-0.027675596997141838,0.9994130730628967,0.020200839266180992,0,0.0018559758318588138,-0.020157163962721825,0.9997950196266174,0,0,1.4659559726715088,0,1,0.9996110200881958,0.0278242789208889,-0.001680081943050027,0,-0.02778571844100952,0.9994189143180847,0.019760185852646828,0,0.002228918019682169,-0.019705811515450478,0.9998030662536621,0,0,1.6753770112991333,0,1,0.9999680519104004,0.007359934039413929,0.0032728808000683784,0,-0.007936066947877407,0.9697460532188416,0.2439889907836914,0,-0.0013781196903437376,-0.24400705099105835,0.96977299451828,0,0,1.8847999572753906,0,1,0.9997109770774841,-0.0045541441068053246,-0.02361500822007656,0,0.001405856222845614,0.9912949800491333,-0.13165569305419922,0,0.024008994922041893,0.13158433139324188,0.9910139441490173,0,0,0.855912983417511,0.3470599949359894,1,0.25109827518463135,0.010868517681956291,-0.9679000973701477,0,0.8745660781860352,-0.4310809373855591,0.22204440832138062,0,-0.41483038663864136,-0.9022483229637146,-0.11774897575378418,0,0.652642011642456,1.576030969619751,-0.03514900058507919,1,0.8770419359207153,0.37257787585258484,-0.30328717827796936,0,0.08989787846803665,0.492873877286911,0.8654440641403198,0,0.47192782163619995,-0.7862959504127502,0.3987772464752197,0,0,1.451390027999878,0,1,0.99965900182724,0.02537721022963524,-0.006133117713034153,0,-0.025389790534973145,0.9996760487556458,-0.001979978522285819,0,0.006080882158130407,0.002135021146386862,0.9999790191650391,0,0,3.2703590393066406,0,1,0.9834779500961304,0.09506089985370636,-0.1540602743625641,0,-0.08505810797214508,0.9938939213752747,0.07028212398290634,0,0.15980073809623718,-0.05601687356829643,0.9855589866638184,0,0,2.8214590549468994,0,1,0.9063079357147217,0.42261403799057007,-0.0019761063158512115,0,-0.4221189320087433,0.9049991369247437,-0.05284605547785759,0,-0.02054510824382305,0.04872894659638405,0.9986010789871216,0,-0.3050509989261627,0.43549299240112305,0,1,0.917034924030304,-0.34489905834198,-0.20023022592067719,0,0.3784279525279999,0.9109920263290405,0.16396793723106384,0,0.12585577368736267,-0.22613707184791565,0.9659310579299927,0,-0.06800000369548798,0.4198940098285675,0,1,0.9897559881210327,0.023896999657154083,0.14075584709644318,0,0.0043369983322918415,0.9804049730300903,-0.19694602489471436,0,-0.14270412921905518,0.1955389529466629,0.9702579975128174,0,-0.004792999941855669,0.4857949912548065,0,1,0.9752020835876465,0.21859870851039886,-0.03456601873040199,0,-0.21522027254104614,0.9731099605560303,0.08208389580249786,0,0.05157998204231262,-0.07260908931493759,0.9960259199142456,0,0,0.9967560172080994,0,1,0.9987059235572815,0.04803711175918579,0.016681259498000145,0,-0.05051888898015022,0.9747119545936584,0.21767941117286682,0,-0.005802738480269909,-0.21824058890342712,0.975878119468689,0,0.060189999639987946,0.5512700080871582,0,1,0.9965910315513611,0.08243276923894882,-0.0033741754014045,0,-0.08166121691465378,0.9914349317550659,0.1019199788570404,0,0.011746825650334358,-0.10129702836275101,0.9947869777679443,0,-0.026318000629544258,0.4993000030517578,0,1,0.17793335020542145,-0.018481828272342682,0.9838688969612122,0,-0.8761741518974304,-0.45810946822166443,0.14985111355781555,0,0.447950154542923,-0.8887038826942444,-0.09770616143941879,0,-0.652642011642456,1.5792399644851685,-0.05662799999117851,1,0.759144127368927,-0.469575971364975,0.4507758617401123,0,-0.0868549644947052,0.6132508516311646,0.7850980758666992,0,-0.6451021432876587,-0.6351550221443176,0.42476093769073486,0,0,1.451390027999878,0,1,0.9931790232658386,-0.11629421263933182,0.008431659080088139,0,0.11635379493236542,0.9931830763816833,-0.006963721476495266,0,-0.0075643411837518215,0.007897278293967247,0.9999399781227112,0,0,3.2765069007873535,0,1,0.8963161110877991,-0.08498477190732956,0.435194730758667,0,0.04002321884036064,0.9929608702659607,0.11147445440292358,0,-0.44160526990890503,-0.08249852061271667,0.8934088945388794,0,0,2.8292040824890137,0,1,0.9004000425338745,-0.43489789962768555,-0.011979001574218273,0,0.4311541020870209,0.8956548571586609,-0.10912904888391495,0,0.05818900093436241,0.09309494495391846,0.9939550161361694,0,0.32116401195526123,0.5079699754714966,0,1,0.9161470532417297,0.3445935845375061,0.20476943254470825,0,-0.38893041014671326,0.8877947330474854,0.24607715010643005,0,-0.09699657559394836,-0.3050838112831116,0.94737309217453,0,0.08328499644994736,0.4735170006752014,0,1,0.9918520450592041,0.015440802089869976,-0.126457080245018,0,-0.04443719610571861,0.9722160696983337,-0.22982756793498993,0,0.11939492076635361,0.23357440531253815,0.9649809002876282,0,-0.002070999937132001,0.4775800108909607,0,1,0.9705420136451721,-0.23412176966667175,0.056886907666921616,0,0.23025517165660858,0.9708149433135986,0.0670909434556961,0,-0.07093407958745956,-0.05201605334877968,0.9961240887641907,0,0,1.0201549530029297,0,1,0.9999690055847168,-0.002170152962207794,-0.007537711411714554,0,0.0036148473154753447,0.9803350567817688,0.1973090022802353,0,0.006961288396269083,-0.19733001291751862,0.9803119897842407,0,-0.07540299743413925,0.5894140005111694,0,1,0.9871879816055298,-0.15938402712345123,-0.007513524033129215,0,0.15939097106456757,0.9828680157661438,0.09255214035511017,0,-0.007366523612290621,-0.09256386756896973,0.9956790208816528,0,0.0557279996573925,0.5480239987373352,0,1,-0.9508510828018188,-0.13980694115161896,0.2762908935546875,0,0.1808500587940216,-0.975010871887207,0.12902410328388214,0,0.2513481080532074,0.17264987528324127,0.9523739814758301,0,1.022987961769104,-0.6898429989814758,-0.1812169998884201,1,0.9979720711708069,0.058271002024412155,0.025626998394727707,0,-0.04940599948167801,0.9628699421882629,-0.26540717482566833,0,-0.04014100506901741,0.2636027932167053,0.9637961387634277,0,0,5.231299877166748,0,1,0.9973040223121643,-0.047803476452827454,0.05567511171102524,0,-0.018548477441072464,0.5698499083518982,0.821539044380188,0,-0.07099888473749161,-0.8203569650650024,0.5674269795417786,0,0,4.76700496673584,0,1,0.9814879298210144,-0.013765023089945316,0.1910271793603897,0,-0.11253302544355392,0.765632152557373,0.6333588361740112,0,-0.1549748033285141,-0.6431311964988708,0.7499099373817444,0,0,1.9788390398025513,0,1,-0.983587920665741,-0.043518953025341034,-0.1751004159450531,0,0.049222055822610855,-0.9983850121498108,-0.028358295559883118,0,-0.17358359694480896,-0.036511700600385666,0.9841420650482178,0,-1.022987961769104,-0.6898429989814758,-0.09872400015592575,1,0.9849080443382263,-0.047951046377420425,-0.16630177199840546,0,0.019592957571148872,0.9855690598487854,-0.16813896596431732,0,0.17196422815322876,0.16234301030635834,0.9716339111328125,0,0,5.234388828277588,0,1,0.9965710639953613,-0.01784101501107216,-0.08079361170530319,0,0.07902998477220535,0.494376003742218,0.8656479716300964,0,0.024498390033841133,-0.8690650463104248,0.49409088492393494,0,0,4.769873142242432,0,1,0.9805241227149963,0.020674224942922592,-0.19531051814556122,0,0.11636221408843994,0.7399641871452332,0.6625047326087952,0,0.15821947157382965,-0.6723282933235168,0.7231466770172119,0,0,1.9828089475631714,0,1
K0.035,0.9978430867195129,-0.052660372108221054,0.03918158635497093,0,0.05457044765353203,0.9972871541976929,-0.049391333013772964,0,-0.03647437319159508,0.051423028111457825,0.9980111718177795,0,-0.005719829350709915,11.775986671447754,0.034527190029621124,1,0.9983658194541931,0.04975198209285736,-0.02812695875763893,0,-0.0520271472632885,0.9948515295982361,-0.08697319030761719,0,0.023655042052268982,0.0882943645119667,0.9958134889602661,0,0,1.2427419424057007,-0.1856590062379837,1,0.9995912909507751,0.028297552838921547,-0.003957497887313366,0,-0.028203792870044708,0.999359130859375,0.022021858021616936,0,0.004578128457069397,-0.02190125361084938,0.9997493028640747,0,0,1.4659559726715088,0,1,0.999607503414154,0.027635609731078148,-0.004505916964262724,0,-0.027532584965229034,0.9993894100189209,0.021517710760235786,0,0.0050978222861886024,-0.021385211497545242,0.9997583031654358,0,0,1.6753770112991333,0,1,0.9999423623085022,0.004271391779184341,-0.009883567690849304,0,-0.0017514248611405492,0.9702454209327698,0.24211648106575012,0,0.010623662732541561,-0.242085263133049,0.9701972007751465,0,0,1.8847999572753906,0,1,0.9979628324508667,-0.01977248303592205,-0.060654640197753906,0,0.01121586374938488,0.9903278350830078,-0.13829484581947327,0,0.06280241906642914,0.13733284175395966,0.9885322451591492,0,0,0.855912983417511,0.3470599949359894,1,0.2522052228450775,0.010380717925727367,-0.9676175117492676,0,0.8732200264930725,-0.4333340525627136,0.22295208275318146,0,-0.41698771715164185,-0.9011737108230591,-0.11835389584302902,0,0.652642011642456,1.576030969619751,-0.03514900058507919,1,0.8819115161895752,0.37033987045288086,-0.291684627532959,0,0.07405287772417068,0.5022282004356384,0.8615580797195435,0,0.4655618667602539,-0.7814186811447144,0.4154964089393616,0,0,1.451390027999878,0,1,0.9987127780914307,0.050341203808784485,-0.006207161583006382,0,-0.050366152077913284,0.9987233281135559,-0.003928791731595993,0,0.006001453381031752,0.004236362874507904,0.9999725818634033,0,0,3.2703590393066406,0,1,0.9832785725593567,0.11279701441526413,-0.14296893775463104,0,-0.10767709463834763,0.993251621723175,0.04308098554611206,0,0.14686356484889984,-0.026966137811541557,0.988788902759552,0,0,2.8214590549468994,0,1,0.9063079357147217,0.42261403799057007,-0.0019761063158512115,0,-0.4221189320087433,0.9049991369247437,-0.05284605547785759,0,-0.02054510824382305,0.04872894659638405,0.9986010789871216,0,-0.3050509989261627,0.43549299240112305,0,1,0.9173403382301331,-0.3456968665122986,-0.19743695855140686,0,0.37849166989326477,0.9110794067382812,0.16333509981632233,0,0.12341631203889847,-0.22456207871437073,0.9666131734848022,0,-0.06800000369548798,0.4198940098285675,0,1,0.9896867275238037,0.022981083020567894,0.1413901448249817,0,0.005256036762148142,0.980556309223175,-0.19616694748401642,0,-0.1431492120027542,0.19488708674907684,0.9703233242034912,0,-0.004792999941855669,0.4857949912548065,0,1,0.9748486876487732,0.22026094794273376,-0.03398440033197403,0,-0.2168506383895874,0.9726307988166809,0.08345118165016174,0,0.051435332745313644,-0.07398276776075363,0.9959321022033691,0,0,0.9967560172080994,0,1,0.9986953139305115,0.048256099224090576,0.01671774312853813,0,-0.050741855055093765,0.974649965763092,0.21790280938148499,0,-0.005778811872005463,-0.21846695244312286,0.9758276343345642,0,0.060189999639987946,0.5512700080871582,0,1,0.9965726733207703,0.08265488594770432,-0.0033673839643597603,0,-0.08188015222549438,0.9913933277130127,0.10215162485837936,0,0.011781726963818073,-0.10152574628591537,0.9947627782821655,0,-0.026318000629544258,0.4993000030517578,0,1,0.17958949506282806,-0.01892489567399025,0.9835597276687622,0,-0.8777164220809937,-0.4545954167842865,0.15151649713516235,0,0.444254070520401,-0.8904969692230225,-0.09825128316879272,0,-0.652642011642456,1.5792399644851685,-0.05662799999117851,1,0.7541226148605347,-0.4670668840408325,0.46167895197868347,0,-0.09354943782091141,0.6194256544113159,0.7794614434242249,0,-0.6500362753868103,-0.6309992074966431,0.4234289526939392,0,0,1.451390027999878,0,1,0.992599368095398,-0.1211424171924591,0.008466044440865517,0,0.12120451778173447,0.9926012754440308,-0.007254021242260933,0,-0.007524632383137941,0.008226455189287663,0.9999378323554993,0,0,3.2765069007873535,0,1,0.8993456959724426,-0.0828014686703682,0.4293259084224701,0,0.038446251302957535,0.9930773377418518,0.11099211871623993,0,-0.4355444312095642,-0.08331435918807983,0.8963037729263306,0,0,2.8292040824890137,0,1,0.9004000425338745,-0.43489789962768555,-0.011979001574218273,0,0.4311541020870209,0.8956548571586609,-0.10912904888391495,0,0.05818900093436241,0.09309494495391846,0.9939550161361694,0,0.32116401195526123,0.5079699754714966,0,1,0.9164995551109314,0.34369948506355286,0.20469579100608826,0,-0.3879150450229645,0.8885756134986877,0.24485604465007782,0,-0.09773080050945282,-0.3038150668144226,0.9477054476737976,0,0.08328499644994736,0.4735170006752014,0,1,0.991836667060852,0.015568331815302372,-0.1265595555305481,0,-0.04455966129899025,0.9722619652748108,-0.22961054742336273,0,0.11947446316480637,0.23337575793266296,0.9650193452835083,0,-0.002070999937132001,0.4775800108909607,0,1,0.9703989624977112,-0.2348039746284485,0.0565042644739151,0,0.23096764087677002,0.9706554412841797,0.06695085018873215,0,-0.07056649029254913,-0.05191837623715401,0.9961550235748291,0,0,1.0201549530029297,0,1,0.9999690055847168,-0.002149340230971575,-0.007535136304795742,0,0.0035938089713454247,0.9803385734558105,0.19729124009609222,0,0.006962936837226152,-0.1973121464252472,0.980315625667572,0,-0.07540299743413925,0.5894140005111694,0,1,0.9871914982795715,-0.1593635529279709,-0.007512457203119993,0,0.1593705117702484,0.9828724265098572,0.09253421425819397,0,-0.007362790405750275,-0.09254620969295502,0.9956807494163513,0,0.0557279996573925,0.5480239987373352,0,1,-0.9451493620872498,-0.1319197118282318,0.29881495237350464,0,0.19078806042671204,-0.9655027985572815,0.17721454799175262,0,0.26512840390205383,0.22450441122055054,0.9377124905586243,0,1.022987961769104,-0.6898429989814758,-0.1812169998884201,1,0.9988686442375183,0.023556264117360115,-0.04131372272968292,0,-0.034742631018161774,0.9546592235565186,-0.2956674098968506,0,0.032475706189870834,0.29676827788352966,0.9543975591659546,0,0,5.231299877166748,0,1,0.9946697354316711,-0.08504707366228104,0.058306269347667694,0,-0.00012152381532359868,0.5644838809967041,0.8254443407058716,0,-0.10311450809240341,-0.8210511207580566,0.5614643692970276,0,0,4.76700496673584,0,1,0.981627345085144,-0.012246734462678432,0.1904144436120987,0,-0.11186278611421585,0.7715170979499817,0.6262977719306946,0,-0.15457813441753387,-0.636091411113739,0.7559725046157837,0,0,1.9788390398025513,0,1,-0.9830780029296875,-0.046577051281929016,-0.17716550827026367,0,0.045538291335105896,-0.9989128708839417,0.009926993399858475,0,-0.17743532359600067,0.0016911942511796951,0.9841304421424866,0,-1.022987961769104,-0.6898429989814758,-0.09872400015592575,1,0.9850253462791443,-0.05501272529363632,-0.16339512169361115,0,0.01892363466322422,0.9764989614486694,-0.2146919220685959,0,0.17136597633361816,0.20838497579097748,0.9629173874855042,0,0,5.234388828277588,0,1,0.9886209964752197,-0.007557856850326061,-0.15023520588874817,0,0.13563239574432373,0.4766868054866791,0.8685467839241028,0,0.06505082547664642,-0.8790408372879028,0.4722879230976105,0,0,4.769873142242432,0,1,0.9805064797401428,0.020860064774751663,-0.1953752040863037,0,0.11644506454467773,0.7392241954803467,0.6633155345916748,0,0.15826298296451569,-0.6731360554695129,0.7223855257034302,0,0,1.9828089475631714,0,1
K0.069,0.9980182647705078,-0.05035866051912308,-0.03772682696580887,0,0.04870486631989479,0.9978638887405396,-0.04354312643408775,0,0.039839018136262894,0.04161936044692993,0.9983391761779785,0,-0.03930836170911789,11.752699851989746,-0.061339445412158966,1,0.9980533719062805,0.05402691289782524,-0.031137753278017044,0,-0.05648966506123543,0.9948161840438843,-0.0845550075173378,0,0.026408111676573753,0.0861494317650795,0.9959322810173035,0,0,1.2427419424057007,-0.1856590062379837,1,0.9995072484016418,0.03086780570447445,-0.005630286876112223,0,-0.030725091695785522,0.9992427229881287,0.02388450689613819,0,0.006363285705447197,-0.023699749261140823,0.9996988773345947,0,0,1.4659559726715088,0,1,0.9995896816253662,0.027921022847294807,-0.006449051201343536,0,-0.027763675898313522,0.9993425011634827,0.023318342864513397,0,0.007095877546817064,-0.02312970720231533,0.9997068047523499,0,0,1.6753770112991333,0,1,0.9993911385536194,-0.0000577607897866983,-0.034886881709098816,0,0.008618230931460857,0.9694147109985352,0.24527814984321594,0,0.03380569443106651,-0.24542953073978424,0.9688252210617065,0,0,1.8847999572753906,0,1,0.9920079708099365,-0.04281386360526085,-0.11869044601917267,0,0.026386816054582596,0.9902656674385071,-0.13666784763336182,0,0.12338635325431824,0.13244372606277466,0.9834811687469482,0,0,0.855912983417511,0.3470599949359894,1,0.25395625829696655,0.009794686920940876,-0.9671663045883179,0,0.871518075466156,-0.43599167466163635,0.22442586719989777,0,-0.4194783568382263,-0.8998976945877075,-0.11925919353961945,0,0.652642011642456,1.576030969619751,-0.03514900058507919,1,0.8858891725540161,0.3634147047996521,-0.28832387924194336,0,0.06627486646175385,0.5160006284713745,0.8540201187133789,0,0.4591386318206787,-0.7756755352020264,0.43303394317626953,0,0,1.451390027999878,0,1,0.9961996078491211,0.08685965090990067,-0.006403283681720495,0,-0.08690272271633148,0.9961938858032227,-0.006779197137802839,0,0.005790072958916426,0.007309896405786276,0.9999563097953796,0,0,3.2703590393066406,0,1,0.9804178476333618,0.13666199147701263,-0.14179061353206635,0,-0.1353873461484909,0.9906170964241028,0.018643952906131744,0,0.14300809800624847,0.0009177905158139765,0.9897207021713257,0,0,2.8214590549468994,0,1,0.9063079357147217,0.42261403799057007,-0.0019761063158512115,0,-0.4221189320087433,0.9049991369247437,-0.05284605547785759,0,-0.02054510824382305,0.04872894659638405,0.9986010789871216,0,-0.3050509989261627,0.43549299240112305,0,1,0.9171769022941589,-0.3451763093471527,-0.19909824430942535,0,0.3784196376800537,0.9110245704650879,0.1638067662715912,0,0.12484110891819,-0.22558237612247467,0.9661917090415955,0,-0.06800000369548798,0.4198940098285675,0,1,0.9897523522377014,0.02357492223381996,0.14083331823349,0,0.0046610161662101746,0.9804173111915588,-0.19687466323375702,0,-0.14271676540374756,0.19551360607147217,0.9702606201171875,0,-0.004792999941855669,0.4857949912548065,0,1,0.9747258424758911,0.22081640362739563,-0.03390654921531677,0,-0.21734803915023804,0.9724153280258179,0.08465924113988876,0,0.05166544392704964,-0.07515009492635727,0.9958332777023315,0,0,0.9967560172080994,0,1,0.9987043142318726,0.04806945100426674,0.01668607071042061,0,-0.05055169761180878,0.9747027158737183,0.21771268546581268,0,-0.005798631813377142,-0.21827422082424164,0.9758702516555786,0,0.060189999639987946,0.5512700080871582,0,1,0.9965885281562805,0.08246608078479767,-0.003373175160959363,0,-0.08169405907392502,0.9914290904998779,0.10195402055978775,0,0.011752010323107243,-0.10133060812950134,0.9947836399078369,0,-0.026318000629544258,0.4993000030517578,0,1,0.1807110458612442,-0.01939944550395012,0.9833446145057678,0,-0.8793810606002808,-0.4509640634059906,0.15270879864692688,0,0.4404907822608948,-0.892331063747406,-0.09855365753173828,0,-0.652642011642456,1.5792399644851685,-0.05662799999117851,1,0.7516853213310242,-0.45684245228767395,0.4756733179092407,0,-0.10462187230587006,0.6295092105865479,0.7699176073074341,0,-0.6511712670326233,-0.6285010576248169,0.42539677023887634,0,0,1.451390027999878,0,1,0.991446316242218,-0.13023872673511505,0.008535021916031837,0,0.13030540943145752,0.9914429187774658,-0.007798995357006788,0,-0.007446259260177612,0.008844449184834957,0.999933660030365,0,0,3.2765069007873535,0,1,0.9029619693756104,-0.0750473365187645,0.42311766743659973,0,0.03152833506464958,0.9935482144355774,0.10893956571817398,0,-0.42856311798095703,-0.0850280374288559,0.8995017409324646,0,0,2.8292040824890137,0,1,0.9004000425338745,-0.43489789962768555,-0.011979001574218273,0,0.4311541020870209,0.8956548571586609,-0.10912904888391495,0,0.05818900093436241,0.09309494495391846,0.9939550161361694,0,0.32116401195526123,0.5079699754714966,0,1,0.916142463684082,0.34469905495643616,0.20461076498031616,0,-0.38912877440452576,0.8873106837272644,0.24750518798828125,0,-0.09623846411705017,-0.3063697814941406,0.9470348358154297,0,0.08328499644994736,0.4735170006752014,0,1,0.9918539524078369,0.015422538854181767,-0.12644308805465698,0,-0.04441982880234718,0.9722100496292114,-0.2298586517572403,0,0.11938418447971344,0.23360268771648407,0.9649750590324402,0,-0.002070999937132001,0.4775800108909607,0,1,0.970141589641571,-0.23593658208847046,0.056202232837677,0,0.23203910887241364,0.9703236818313599,0.06804094463586807,0,-0.07058770954608917,-0.052968237549066544,0.9960979223251343,0,0,1.0201549530029297,0,1,0.9999692440032959,-0.002131325425580144,-0.007533425465226173,0,0.0035757054574787617,0.9803417325019836,0.19727657735347748,0,0.006964871194213629,-0.19729746878147125,0.9803193211555481,0,-0.07540299743413925,0.5894140005111694,0,1,0.9871944785118103,-0.15934593975543976,-0.007511526346206665,0,0.15935306251049042,0.9828773140907288,0.09251869469881058,0,-0.0073595657013356686,-0.09253088384866714,0.9956828355789185,0,0.0557279996573925,0.5480239987373352,0,1,-0.9338734745979309,-0.1222517266869545,0.3360579013824463,0,0.2095058411359787,-0.948624312877655,0.23710492253303528,0,0.2898063361644745,0.29183223843574524,0.9115079641342163,0,1.022987961769104,-0.6898429989814758,-0.1812169998884201,1,0.9958228468894958,-0.01771027222275734,-0.08957378566265106,0,-0.016478195786476135,0.9300433993339539,-0.36707931756973267,0,0.0898086428642273,0.36702221632003784,0.9258671402931213,0,0,5.231299877166748,0,1,0.9913755655288696,-0.11648790538311005,0.06003738194704056,0,0.00995214469730854,0.5237268805503845,0.8518282175064087,0,-0.13067086040973663,-0.8438840508460999,0.520369291305542,0,0,4.76700496673584,0,1,0.9817444682121277,-0.010976490564644337,0.18988899886608124,0,-0.11130283772945404,0.7764067649841309,0.6203264594078064,0,-0.15424004197120667,-0.630137026309967,0.7610110640525818,0,0,1.9788390398025513,0,1,-0.9822086691856384,-0.05375220999121666,-0.17993499338626862,0,0.04680592566728592,-0.9979935884475708,0.042633056640625,0,-0.18186569213867188,0.03345255181193352,0.9827544093132019,0,-1.022987961769104,-0.6898429989814758,-0.09872400015592575,1,0.9862760901451111,-0.06179587170481682,-0.15310268104076385,0,0.020679263398051262,0.9662471413612366,-0.2567859888076782,0,0.1638033390045166,0.25009581446647644,0.9542642831802368,0,0,5.234388828277588,0,1,0.9729241132736206,0.005446682684123516,-0.2310595065355301,0,0.2025230973958969,0.46162569522857666,0.8636474013328552,0,0.11136703938245773,-0.8870584964752197,0.44802379608154297,0,0,4.769873142242432,0,1,0.9804887771606445,0.021061459556221962,-0.19544470310211182,0,0.11653460562229156,0.738421618938446,0.6641935110092163,0,0.15830938518047333,-0.6740099191665649,0.7215592861175537,0,0,1.9828089475631714,0,1
K0.104,0.9925379753112793,-0.046187810599803925,-0.11285185813903809,0,0.04177841171622276,0.9982800483703613,-0.04113098606467247,0,0.1145574226975441,0.03610926866531372,0.9927597045898438,0,-0.09581243246793747,11.751809120178223,-0.17371709644794464,1,0.9980010390281677,0.05316087231040001,-0.03417012467980385,0,-0.055816128849983215,0.9950568079948425,-0.08213213831186295,0,0.029635004699230194,0.08387521654367447,0.9960351586341858,0,0,1.2427419424057007,-0.1856590062379837,1,0.9993559718132019,0.03507354110479355,-0.007535681594163179,0,-0.03486790135502815,0.9990570545196533,0.02587924338877201,0,0.008436251431703568,-0.025599822402000427,0.9996364712715149,0,0,1.4659559726715088,0,1,0.9995540380477905,0.028590988367795944,-0.008672666735947132,0,-0.0283640306442976,0.9992789030075073,0.025250814855098724,0,0.009388349018990993,-0.0249935369938612,0.9996431469917297,0,0,1.6753770112991333,0,1,0.9978024363517761,-0.0037954954896122217,-0.06615747511386871,0,0.020442919805645943,0.9672948122024536,0.2528305649757385,0,0.06303410232067108,-0.2536271810531616,0.9652458429336548,0,0,1.8847999572753906,0,1,0.9797835350036621,-0.06794694066047668,-0.188168004155159,0,0.04411008954048157,0.9907816052436829,-0.12808893620967865,0,0.19513654708862305,0.11719924956560135,0.9737480878829956,0,0,0.855912983417511,0.3470599949359894,1,0.2548251748085022,0.009432163089513779,-0.9669408798217773,0,0.8705002665519714,-0.4376545250415802,0.22514034807682037,0,-0.4210624098777771,-0.8990936875343323,-0.11973614245653152,0,0.652642011642456,1.576030969619751,-0.03514900058507919,1,0.8897904753684998,0.3508855402469635,-0.2918097674846649,0,0.06660977751016617,0.5327152609825134,0.8436689376831055,0,0.4514828622341156,-0.7701261639595032,0.45063266158103943,0,0,1.451390027999878,0,1,0.9915486574172974,0.1295606791973114,-0.006765865255147219,0,-0.1296248584985733,0.9915117621421814,-0.010112457908689976,0,0.005398255307227373,0.010904012247920036,0.9999259114265442,0,0,3.2703590393066406,0,1,0.9750792980194092,0.1617489904165268,-0.15184752643108368,0,-0.16455452144145966,0.9863497018814087,-0.006010156124830246,0,0.14880263805389404,0.0308475811034441,0.988385796546936,0,0,2.8214590549468994,0,1,0.9063079357147217,0.42261403799057007,-0.0019761063158512115,0,-0.4221189320087433,0.9049991369247437,-0.05284605547785759,0,-0.02054510824382305,0.04872894659638405,0.9986010789871216,0,-0.3050509989261627,0.43549299240112305,0,1,0.9148257970809937,-0.34623801708221436,-0.2078786939382553,0,0.3821430802345276,0.9086483120918274,0.1682988405227661,0,0.13061712682247162,-0.23340342938899994,0.9635670185089111,0,-0.06800000369548798,0.4198940098285675,0,1,0.9901462197303772,0.02683720551431179,0.13744257390499115,0,0.0012340330285951495,0.9797549843788147,-0.2001982182264328,0,-0.14003276824951172,0.19839505851268768,0.9700672626495361,0,-0.004792999941855669,0.4857949912548065,0,1,0.9741311073303223,0.22351151704788208,-0.03332992643117905,0,-0.21984297037124634,0.9714467525482178,0.08921853452920914,0,0.052319642156362534,-0.07958324998617172,0.9954544901847839,0,0,0.9967560172080994,0,1,0.9987054467201233,0.04804745316505432,0.016682637855410576,0,-0.05052932724356651,0.974708616733551,0.21769025921821594,0,-0.005801251623779535,-0.21825151145458221,0.9758750796318054,0,0.060189999639987946,0.5512700080871582,0,1,0.9965896606445312,0.08244354277849197,-0.0033735157921910286,0,-0.08167191594839096,0.9914331436157227,0.10193078964948654,0,0.01174815185368061,-0.10130766779184341,0.994785487651825,0,-0.026318000629544258,0.4993000030517578,0,1,0.18041829764842987,-0.019780762493610382,0.9833909273147583,0,-0.8808140158653259,-0.4482012093067169,0.15258343517780304,0,0.43773916363716125,-0.8937140107154846,-0.09828688949346542,0,-0.652642011642456,1.5792399644851685,-0.05662799999117851,1,0.7535586953163147,-0.4399442970752716,0.4884648621082306,0,-0.11757774651050568,0.6408658027648926,0.7585949897766113,0,-0.6467804312705994,-0.6290789246559143,0.4312026798725128,0,0,1.451390027999878,0,1,0.9901648163795471,-0.1396421492099762,0.008611682802438736,0,0.13971367478370667,0.990156352519989,-0.008361905813217163,0,-0.007359242532402277,0.00948284100741148,0.9999284148216248,0,0,3.2765069007873535,0,1,0.9074130654335022,-0.062218859791755676,0.41560810804367065,0,0.019034523516893387,0.9940494298934937,0.1072559580206871,0,-0.4198082387447357,-0.08941453695297241,0.9031975269317627,0,0,2.8292040824890137,0,1,0.9004000425338745,-0.43489789962768555,-0.011979001574218273,0,0.4311541020870209,0.8956548571586609,-0.10912904888391495,0,0.05818900093436241,0.09309494495391846,0.9939550161361694,0,0.32116401195526123,0.5079699754714966,0,1,0.9160378575325012,0.34474775195121765,0.20499631762504578,0,-0.3894120454788208,0.8868700861930847,0.2486370950937271,0,-0.09608804434537888,-0.3075890839099884,0.9466556906700134,0,0.08328499644994736,0.4735170006752014,0,1,0.9918559789657593,0.015407456085085869,-0.12643107771873474,0,-0.04440532624721527,0.9722046852111816,-0.2298840433359146,0,0.11937492340803146,0.23362597823143005,0.9649708867073059,0,-0.002070999937132001,0.4775800108909607,0,1,0.9698289632797241,-0.2372969537973404,0.055876169353723526,0,0.23331323266029358,0.9699141979217529,0.06950632482767105,0,-0.07068871706724167,-0.05437259003520012,0.9960152506828308,0,0,1.0201549530029297,0,1,0.9999718070030212,-0.001192494761198759,-0.007429248653352261,0,0.0026290707755833864,0.9805026650428772,0.1964872032403946,0,0.007050085812807083,-0.19650110602378845,0.9804778099060059,0,-0.07540299743413925,0.5894140005111694,0,1,0.9873431921005249,-0.1584220677614212,-0.007464051712304354,0,0.15843474864959717,0.983101487159729,0.0917070135474205,0,-0.007190496660768986,-0.09172888845205307,0.9957582950592041,0,0.0557279996573925,0.5480239987373352,0,1,-0.9137168526649475,-0.11900902539491653,0.38853269815444946,0,0.23063813149929047,-0.9391010403633118,0.25474420189857483,0,0.3345547020435333,0.3223746418952942,0.885520875453949,0,1.022987961769104,-0.6898429989814758,-0.1812169998884201,1,0.9963663816452026,-0.046089041978120804,-0.07162129133939743,0,0.014178537763655186,0.9189533591270447,-0.39410990476608276,0,0.08398085832595825,0.3916627764701843,0.9162685871124268,0,0,5.231299877166748,0,1,0.9897712469100952,-0.13270382583141327,0.0523722879588604,0,0.02246864140033722,0.5075180530548096,0.8613482713699341,0,-0.14088405668735504,-0.8513607978820801,0.5053083300590515,0,0,4.76700496673584,0,1,0.9818097949028015,-0.010266839526593685,0.18959003686904907,0,-0.11099018156528473,0.7791247367858887,0.6169648766517639,0,-0.15404850244522095,-0.62678462266922,0.7638124823570251,0,0,1.9788390398025513,0,1,-0.98147052526474,-0.06065693497657776,-0.18175849318504333,0,0.05099405348300934,-0.9970496296882629,0.05737731233239174,0,-0.18470251560211182,0.04704552888870239,0.9816677570343018,0,-1.022987961769104,-0.6898429989814758,-0.09872400015592575,1,0.9877679944038391,-0.06379751116037369,-0.1422850787639618,0,0.024104364216327667,0.9639772176742554,-0.26488950848579407,0,0.15405893325805664,0.25821974873542786,0.9537239670753479,0,0,5.234388828277588,0,1,0.9500632286071777,0.011367671191692352,-0.31185105443000793,0,0.2713177502155304,0.4636092782020569,0.8434770107269287,0,0.15416531264781952,-0.8859666585922241,0.4373736083507538,0,0,4.769873142242432,0,1,0.9804716110229492,0.021252699196338654,-0.19551023840904236,0,0.11661948263645172,0.7376586198806763,0.6650257110595703,0,0.15835334360599518,-0.6748388409614563,0.7207745313644409,0,0,1.9828089475631714,0,1
