8.233,30,247,41
B0,mixamorig_Hips,-1,0.9735660552978516,0.05844295769929886,0.22080273926258087,0,-0.024203045293688774,0.987665057182312,-0.1547028124332428,0,-0.22712025046348572,0.14526918530464172,0.9629708528518677,0,-0.020461000502109528,10.824681282043457,0.29774099588394165,1
B1,mixamorig_Spine,0,0.9970809817314148,-0.06815323978662491,-0.03441401943564415,0,0.06167377158999443,0.9846710562705994,-0.16315384209156036,0,0.04500594735145569,0.1605551391839981,0.9859999418258667,0,0,1.2427419424057007,-0.1856590062379837,1
B2,mixamorig_Spine1,1,0.9998569488525391,-0.015680251643061638,-0.006375395692884922,0,0.016466692090034485,0.9882669448852539,0.1518433392047882,0,0.003919652197510004,-0.15192663669586182,0.9883841276168823,0,0,1.4659559726715088,0,1
B3,mixamorig_Spine2,2,0.9998589754104614,-0.015060731209814548,-0.007380074355751276,0,0.016007255762815475,0.9882669448852539,0.1518920361995697,0,0.0050058853812515736,-0.15198896825313568,0.9883700013160706,0,0,1.6753770112991333,0,1
B4,mixamorig_Neck,3,0.9995250105857849,0.012736986391246319,-0.02806694060564041,0,-0.009306995198130608,0.9928368926048279,0.11911437660455704,0,0.029383055865764618,-0.11879659444093704,0.9924839735031128,0,0,1.8847999572753906,0,1
B5,mixamorig_Head,4,0.9788570404052734,-0.1355106383562088,-0.15321700274944305,0,0.079932302236557,0.9429188966751099,-0.323288232088089,0,0.1882801055908203,0.3042058050632477,0.9338139891624451,0,0,0.855912983417511,0.3470599949359894,1
B6,mixamorig_HeadTop_End,5,1,0,0,0,0,1,0,0,0,0,1,0,0,2.8392999172210693,1.1512919664382935,1
B7,mixamorig_LeftShoulder,3,0.11100185662508011,0.008014950901269913,-0.9937880039215088,0,0.9933279156684875,0.030579322949051857,0.1111970990896225,0,0.03128059208393097,-0.9994999766349792,-0.004567115101963282,0,0.652642011642456,1.576030969619751,-0.03514900058507919,1
B8,mixamorig_LeftArm,7,0.07183711975812912,0.48252996802330017,-0.8729289174079895,0,0.6681300401687622,0.6265369653701782,0.4013148844242096,0,0.7405681014060974,-0.6120588779449463,-0.2773839235305786,0,0,1.451390027999878,0,1
B9,mixamorig_LeftForeArm,8,-0.2959059774875641,0.9491820335388184,-0.10720979422330856,0,-0.9496521353721619,-0.30442094802856445,-0.07409016042947769,0,-0.10296189039945602,0.0798882395029068,0.9914720058441162,0,0,3.2703590393066406,0,1
B10,mixamorig_LeftHand,9,0.7254437804222107,-0.5310881733894348,-0.43780916929244995,0,-0.03341292217373848,0.6081660389900208,-0.793105959892273,0,0.6874698400497437,0.5899822115898132,0.42344504594802856,0,0,2.8214590549468994,0,1
B11,mixamorig_LeftHandThumb1,10,0.985105037689209,0.16378898918628693,0.05236601456999779,0,-0.16652701795101166,0.984607994556427,0.053062014281749725,0,-0.04286899417638779,-0.060991980135440826,0.9972169995307922,0,-0.3050509989261627,0.43549299240112305,0,1
B12,mixamorig_LeftHandThumb2,11,0.9990109801292419,0.041013993322849274,0.01718010939657688,0,-0.04269398748874664,0.9927069544792175,0.11274001747369766,0,-0.012430892325937748,-0.11336197704076767,0.9934759736061096,0,-0.06800000369548798,0.4198940098285675,0,1
B13,mixamorig_LeftHandThumb3,12,0.9924959540367126,0.12219838052988052,0.004400086123496294,0,-0.1221156194806099,0.992391049861908,-0.015755781903862953,0,-0.006291934754699469,0.015100224874913692,0.9998660087585449,0,-0.004792999941855669,0.4857949912548065,0,1
B14,mixamorig_LeftHandThumb4,13,1,0,0,0,0,1,0,0,0,0,1,0,0.07279200106859207,0.44150298833847046,0,1
B15,mixamorig_LeftHandIndex1,10,0.9951560497283936,0.08556389063596725,-0.048416946083307266,0,-0.08665108680725098,0.9960209727287292,-0.02081773243844509,0,0.04644302278757095,0.024912264198064804,0.9986100196838379,0,0,0.9967560172080994,0,1
B16,mixamorig_LeftHandIndex2,15,0.999932050704956,0.004659699276089668,0.01069900207221508,0,-0.006504293531179428,0.9837460517883301,0.1794457584619522,0,-0.00968894176185131,-0.17950323224067688,0.9837099313735962,0,0.060189999639987946,0.5512700080871582,0,1
B17,mixamorig_LeftHandIndex3,16,0.9885240197181702,0.1510603278875351,0.001408863696269691,0,-0.14884372055530548,0.9723400473594666,0.1799989938735962,0,0.025820814073085785,-0.17814303934574127,0.9836660027503967,0,-0.026318000629544258,0.4993000030517578,0,1
B18,mixamorig_LeftHandIndex4,17,1,0,0,0,0,1,0,0,0,0,1,0,-0.033872999250888824,0.5011600255966187,0,1
B19,mixamorig_RightShoulder,3,0.04851427674293518,0.0033921063877642155,0.9988169074058533,0,-0.9780420064926147,-0.20275866985321045,0.048193760216236115,0,0.20268230140209198,-0.9792229533195496,-0.006519024260342121,0,-0.652642011642456,1.5792399644851685,-0.05662799999117851,1
B20,mixamorig_RightArm,19,0.13716576993465424,0.10490594804286957,0.9849770069122314,0,-0.8107208609580994,0.5832260251045227,0.05078211426734924,0,-0.5691368579864502,-0.8055070042610168,0.16504812240600586,0,0,1.451390027999878,0,1
B21,mixamorig_RightForeArm,20,-0.5623549818992615,-0.8206400275230408,0.1015230342745781,0,0.8210610151290894,-0.5687221884727478,-0.049135781824588776,0,0.09806116670370102,0.055724844336509705,0.9936190247535706,0,0,3.2765069007873535,0,1
B22,mixamorig_RightHand,21,0.4199899435043335,0.12877391278743744,0.8983460664749146,0,-0.0845700055360794,0.9911280274391174,-0.10253608226776123,0,-0.9035800099372864,-0.03290900960564613,0.42715421319007874,0,0,2.8292040824890137,0,1
B23,mixamorig_RightHandThumb1,22,0.9903690814971924,-0.1124916523694992,-0.08071290701627731,0,0.12300536781549454,0.9824809432029724,0.14000007510185242,0,0.06355006247758865,-0.1485798954963684,0.9868560433387756,0,0.32116401195526123,0.5079699754714966,0,1
B24,mixamorig_RightHandThumb2,23,0.9972810745239258,-0.07198681682348251,-0.015742072835564613,0,0.07345917075872421,0.9880539178848267,0.135470449924469,0,0.00580193568021059,-0.1362585723400116,0.9906560778617859,0,0.08328499644994736,0.4735170006752014,0,1
B25,mixamorig_RightHandThumb3,24,0.985399067401886,-0.17005783319473267,0.008280671201646328,0,0.1702401489019394,0.9848529696464539,-0.03291194513440132,0,-0.0025583095848560333,0.033841103315353394,0.9994239807128906,0,-0.002070999937132001,0.4775800108909607,0,1
B26,mixamorig_RightHandThumb4,25,1,0,0,0,0,1,0,0,0,0,1,0,-0.08121500164270401,0.3971160054206848,0,1
B27,mixamorig_RightHandIndex1,22,0.986147940158844,-0.1539062261581421,0.061850983649492264,0,0.15194174647331238,0.9877579808235168,0.03532805293798447,0,-0.0665309876203537,-0.02544093132019043,0.9974599480628967,0,0,1.0201549530029297,0,1
B28,mixamorig_RightHandIndex2,27,0.9888799786567688,0.14871220290660858,-0.00018588153761811554,0,-0.148288756608963,0.9861570000648499,0.07419577240943909,0,0.011217134073376656,-0.07334320992231369,0.9972440600395203,0,-0.07540299743413925,0.5894140005111694,0,1
B29,mixamorig_RightHandIndex3,28,0.9911829233169556,-0.13234712183475494,-0.006392889190465212,0,0.13245387375354767,0.988381028175354,0.07455732673406601,0,-0.003548837499693036,-0.07474669069051743,0.9971960783004761,0,0.0557279996573925,0.5480239987373352,0,1
B30,mixamorig_RightHandIndex4,29,1,0,0,0,0,1,0,0,0,0,1,0,0.019675999879837036,0.41751301288604736,0,1
B31,mixamorig_LeftUpLeg,0,-0.9990860819816589,-0.028338028118014336,0.03198805823922157,0,0.03233896195888519,-0.9906660914421082,0.13242079317569733,0,0.027936942875385284,0.133334219455719,0.990676999092102,0,1.022987961769104,-0.6898429989814758,-0.1812169998884201,1
B32,mixamorig_LeftLeg,31,0.9865700006484985,0.14971722662448883,0.06529594212770462,0,-0.049645859748125076,0.6557132601737976,-0.753376841545105,0,-0.1556088775396347,0.7400171756744385,0.6543397903442383,0,0,5.231299877166748,0,1
B33,mixamorig_LeftFoot,32,0.964509129524231,-0.23198652267456055,0.12611205875873566,0,-0.09753889590501785,0.13080398738384247,0.986598014831543,0,-0.2453734576702118,-0.9638838171958923,0.10353396087884903,0,0,4.76700496673584,0,1
B34,mixamorig_LeftToeBase,33,0.9827679991722107,-9.698329677121365e-7,0.1848459094762802,0,-0.10650105774402618,0.8173328638076782,0.5662371516227722,0,-0.1510811150074005,-0.5761657953262329,0.8032481074333191,0,0,1.9788390398025513,0,1
B35,mixamorig_LeftToe_End,34,1,0,0,0,0,1,0,0,0,0,1,0,0,0.7514830231666565,0,1
B36,mixamorig_RightUpLeg,0,-0.9843990802764893,0.16648969054222107,-0.056910909712314606,0,-0.1739843487739563,-0.969277024269104,0.17387500405311584,0,-0.02621404081583023,0.18106399476528168,0.9831219911575317,0,-1.022987961769104,-0.6898429989814758,-0.09872400015592575,1
B37,mixamorig_RightLeg,36,0.991426944732666,-0.12887930870056152,0.021511029452085495,0,0.09775976836681366,0.6224210858345032,-0.7765539288520813,0,0.08669277280569077,0.7719990611076355,0.6296839714050293,0,0,5.234388828277588,0,1
B38,mixamorig_RightFoot,37,0.9816060066223145,0.19057795405387878,-0.011407244019210339,0,-0.006907243747264147,0.09515997022390366,0.9954379796981812,0,0.19079402089118958,-0.977048933506012,0.09472595900297165,0,0,4.769873142242432,0,1
B39,mixamorig_RightToeBase,38,0.9822810292243958,0.0015778454253450036,-0.18740789592266083,0,0.10798588395118713,0.8125231266021729,0.5728388428688049,0,0.15317712724208832,-0.5829262137413025,0.7979558110237122,0,0,1.9828089475631714,0,1
B40,mixamorig_RightToe_End,39,1,0,0,0,0,1,0,0,0,0,1,0,0,0.7492420077323914,0,1
@34,0,1,2,3,4,5,7,8,9,10,11,12,13,15,16,17,19,20,21,22,23,24,25,27,28,29,31,32,33,34,36,37,38,39
K0.000,0.9735660552978516,0.05844295769929886,0.22080273926258087,0,-0.024203039705753326,0.987665057182312,-0.154702827334404,0,-0.22712025046348572,0.14526920020580292,0.9629708528518677,0,-0.020461000502109528,10.824681282043457,0.29774099588394165,1,0.9970809817314148,-0.06815323233604431,-0.034414034336805344,0,0.061673760414123535,0.9846710562705994,-0.16315385699272156,0,0.04500596225261688,0.1605551540851593,0.9859999418258667,0,0,1.2427419424057007,-0.1856590062379837,1,0.9998569488525391,-0.015680281445384026,-0.0063753738068044186,0,0.016466718167066574,0.9882669448852539,0.1518433541059494,0,0.003919626120477915,-0.151926651597023,0.9883841276168823,0,0,1.4659559726715088,0,1,0.9998589754104614,-0.01506073772907257,-0.007380095310509205,0,0.01600726507604122,0.9882669448852539,0.1518920361995697,0,0.0050059049390256405,-0.15198896825313568,0.9883700013160706,0,0,1.6753770112991333,0,1,0.9995250105857849,0.01273699663579464,-0.02806694060564041,0,-0.009307004511356354,0.9928368926048279,0.11911439150571823,0,0.029383057728409767,-0.11879660934209824,0.9924839735031128,0,0,1.8847999572753906,0,1,0.9788570404052734,-0.13551065325737,-0.15321694314479828,0,0.07993233948945999,0.9429188966751099,-0.3232882022857666,0,0.18828006088733673,0.3042057752609253,0.9338139891624451,0,0,0.855912983417511,0.3470599949359894,1,0.11100168526172638,0.008015166968107224,-0.9937880039215088,0,0.9933279156684875,0.03057955764234066,0.11119689047336578,0,0.03128081187605858,-0.9994999170303345,-0.004567277152091265,0,0.652642011642456,1.576030969619751,-0.03514900058507919,1,0.07183729112148285,0.4825301170349121,-0.8729288578033447,0,0.668130099773407,0.6265367865562439,0.4013150930404663,0,0.7405680418014526,-0.6120589375495911,-0.2773839831352234,0,0,1.451390027999878,0,1,-0.2959059774875641,0.9491819739341736,-0.10720957815647125,0,-0.9496520161628723,-0.3044208884239197,-0.0740898996591568,0,-0.10296158492565155,0.07988809794187546,0.991472065448761,0,0,3.2703590393066406,0,1,0.7254437804222107,-0.5310880541801453,-0.4378092885017395,0,-0.033413030207157135,0.6081662178039551,-0.7931058406829834,0,0.6874697804450989,0.5899821519851685,0.42344510555267334,0,0,2.8214590549468994,0,1,0.985105037689209,0.16378898918628693,0.05236601456999779,0,-0.16652701795101166,0.984607994556427,0.053062018007040024,0,-0.04286899417638779,-0.060991983860731125,0.9972169995307922,0,-0.3050509989261627,0.43549299240112305,0,1,0.9990109801292419,0.04101400077342987,0.01718010939657688,0,-0.04269399493932724,0.9927069544792175,0.11274002492427826,0,-0.012430891394615173,-0.11336198449134827,0.9934759736061096,0,-0.06800000369548798,0.4198940098285675,0,1,0.9924959540367126,0.12219838052988052,0.004400075878947973,0,-0.1221156194806099,0.992391049861908,-0.015755778178572655,0,-0.0062919240444898605,0.015100221149623394,0.9998660087585449,0,-0.004792999941855669,0.4857949912548065,0,1,0.9951560497283936,0.08556389063596725,-0.04841696098446846,0,-0.08665109425783157,0.9960209727287292,-0.02081773243844509,0,0.04644303768873215,0.024912264198064804,0.9986100196838379,0,0,0.9967560172080994,0,1,0.999932050704956,0.00465970067307353,0.010699030943214893,0,-0.006504300516098738,0.9837460517883301,0.1794457584619522,0,-0.00968896970152855,-0.17950323224067688,0.9837099313735962,0,0.060189999639987946,0.5512700080871582,0,1,0.9885240197181702,0.1510603129863739,0.0014088362222537398,0,-0.1488437056541443,0.9723400473594666,0.179998978972435,0,0.025820836424827576,-0.17814302444458008,0.9836660027503967,0,-0.026318000629544258,0.4993000030517578,0,1,0.048514481633901596,0.003392123384401202,0.998816967010498,0,-0.9780421257019043,-0.20275841653347015,0.048193998634815216,0,0.2026820182800293,-0.9792230129241943,-0.0065190764144063,0,-0.652642011642456,1.5792399644851685,-0.05662799999117851,1,0.13716572523117065,0.1049060970544815,0.9849770665168762,0,-0.8107209205627441,0.5832260847091675,0.050782036036252975,0,-0.569136917591095,-0.8055070042610168,0.16504819691181183,0,0,1.451390027999878,0,1,-0.5623549818992615,-0.8206400275230408,0.10152291506528854,0,0.8210610151290894,-0.568722128868103,-0.049135759472846985,0,0.09806107729673386,0.05572475865483284,0.9936190247535706,0,0,3.2765069007873535,0,1,0.4199899137020111,0.12877392768859863,0.8983460664749146,0,-0.08457006514072418,0.9911280274391174,-0.10253606736660004,0,-0.9035800099372864,-0.03290906548500061,0.42715421319007874,0,0,2.8292040824890137,0,1,0.9903690814971924,-0.11249163746833801,-0.08071292191743851,0,0.12300536781549454,0.9824809432029724,0.1400000900030136,0,0.06355007737874985,-0.1485799103975296,0.9868560433387756,0,0.32116401195526123,0.5079699754714966,0,1,0.9972810745239258,-0.07198682427406311,-0.015742069110274315,0,0.07345917820930481,0.9880539178848267,0.135470449924469,0,0.00580193055793643,-0.1362585723400116,0.9906560778617859,0,0.08328499644994736,0.4735170006752014,0,1,0.985399067401886,-0.17005783319473267,0.008280678652226925,0,0.1702401489019394,0.9848529696464539,-0.032911915332078934,0,-0.0025583214592188597,0.0338410809636116,0.9994239807128906,0,-0.002070999937132001,0.4775800108909607,0,1,0.986147940158844,-0.15390624105930328,0.06185099855065346,0,0.15194176137447357,0.9877579808235168,0.035328060388565063,0,-0.06653100252151489,-0.025440936908125877,0.9974599480628967,0,0,1.0201549530029297,0,1,0.9888799786567688,0.14871220290660858,-0.00018587308295536786,0,-0.148288756608963,0.9861570000648499,0.07419577986001968,0,0.011217126622796059,-0.07334321737289429,0.9972440600395203,0,-0.07540299743413925,0.5894140005111694,0,1,0.9911829233169556,-0.13234712183475494,-0.006392862647771835,0,0.13245387375354767,0.988381028175354,0.07455731928348541,0,-0.0035488628782331944,-0.07474668323993683,0.9971960783004761,0,0.0557279996573925,0.5480239987373352,0,1,-0.9990860819816589,-0.028338033705949783,0.03198805823922157,0,0.03233896940946579,-0.9906660914421082,0.13242079317569733,0,0.027936941012740135,0.133334219455719,0.990676999092102,0,1.022987961769104,-0.6898429989814758,-0.1812169998884201,1,0.9865700006484985,0.14971722662448883,0.06529604643583298,0,-0.04964577779173851,0.6557132601737976,-0.753376841545105,0,-0.15560895204544067,0.7400171756744385,0.6543397903442383,0,0,5.231299877166748,0,1,0.9645091891288757,-0.23198649287223816,0.12611162662506104,0,-0.09753848612308502,0.13080380856990814,0.9865980744361877,0,-0.24537336826324463,-0.9638839364051819,0.10353389382362366,0,0,4.76700496673584,0,1,0.9827679991722107,-0.0000010113139978784602,0.18484587967395782,0,-0.106501005589962,0.8173328638076782,0.5662371516227722,0,-0.1510811150074005,-0.5761657953262329,0.8032481074333191,0,0,1.9788390398025513,0,1,-0.9843990802764893,0.16648967564105988,-0.056910935789346695,0,-0.1739843338727951,-0.969277024269104,0.17387501895427704,0,-0.02621406689286232,0.18106400966644287,0.9831219911575317,0,-1.022987961769104,-0.6898429989814758,-0.09872400015592575,1,0.991426944732666,-0.12887932360172272,0.021510882303118706,0,0.0977596715092659,0.6224210858345032,-0.7765539288520813,0,0.08669287711381912,0.7719990611076355,0.6296839118003845,0,0,5.234388828277588,0,1,0.9816060662269592,0.19057774543762207,-0.011407202109694481,0,-0.006907264702022076,0.09515999257564545,0.9954379796981812,0,0.19079379737377167,-0.9770489931106567,0.09472598135471344,0,0,4.769873142242432,0,1,0.9822810292243958,0.0015778531087562442,-0.18740786612033844,0,0.10798585414886475,0.8125231862068176,0.5728387832641602,0,0.15317711234092712,-0.5829261541366577,0.7979558706283569,0,0,1.9828089475631714,0,1
K0.033,0.9748637676239014,0.04331088066101074,0.2185511589050293,0,-0.001089006313122809,0.9818385243415833,-0.18971601128578186,0,-0.22279879450798035,0.1847093105316162,0.9572063088417053,0,0.0008470271714031696,10.692047119140625,0.25012412667274475,1,0.9973443150520325,-0.05960952490568161,-0.04183647036552429,0,0.05395229533314705,0.9906480312347412,-0.12532226741313934,0,0.048915643244981766,0.12273234874010086,0.9912338256835938,0,0,1.2427419424057007,-0.1856590062379837,1,0.9999732375144958,-0.005283459555357695,-0.005103711038827896,0,0.0060434299521148205,0.9866592884063721,0.1626843959093094,0,0.004176088608801365,-0.16271094977855682,0.9866651892662048,0,0,1.4659559726715088,0,1,0.9999712109565735,-0.004532149527221918,-0.006083587650209665,0,0.005461541470140219,0.9866633415222168,0.16268014907836914,0,0.005265164654701948,-0.16270878911018372,0.9866601824760437,0,0,1.6753770112991333,0,1,0.999576210975647,0.009114227257668972,-0.027637027204036713,0,-0.006113328039646149,0.9942635297775269,0.10678450018167496,0,0.028451750054955482,-0.106570303440094,0.9938980340957642,0,0,1.8847999572753906,0,1,0.9803586602210999,-0.13526389002799988,-0.14353059232234955,0,0.0790911540389061,0.9363062977790833,-0.3421621322631836,0,0.18067073822021484,0.32408952713012695,0.9286139011383057,0,0,0.855912983417511,0.3470599949359894,1,0.10459580272436142,0.007143959403038025,-0.9944886565208435,0,0.9941211938858032,0.027376018464565277,0.1047537699341774,0,0.027973460033535957,-0.9995995163917542,-0.004238504450768232,0,0.652642011642456,1.576030969619751,-0.03514900058507919,1,0.08917195349931717,0.486698180437088,-0.8690062761306763,0,0.6341849565505981,0.645021378993988,0.42632853984832764,0,0.768021821975708,-0.5891279578208923,-0.2511391341686249,0,0,1.451390027999878,0,1,-0.29563456773757935,0.9492689371109009,-0.10718826204538345,0,-0.9497387409210205,-0.3041476905345917,-0.07409705966711044,0,-0.10293911397457123,0.07989522069692612,0.9914741516113281,0,0,3.2703590393066406,0,1,0.71840500831604,-0.5224617123603821,-0.45926976203918457,0,-0.07049228250980377,0.6021484732627869,-0.7952658534049988,0,0.6920440793037415,0.6036975979804993,0.39575672149658203,0,0,2.8214590549468994,0,1,0.985105037689209,0.16378898918628693,0.05236601456999779,0,-0.16652701795101166,0.984607994556427,0.053062018007040024,0,-0.04286899417638779,-0.060991983860731125,0.9972169995307922,0,-0.3050509989261627,0.43549299240112305,0,1,0.9990109801292419,0.04101400077342987,0.01718010939657688,0,-0.04269399493932724,0.9927069544792175,0.11274003237485886,0,-0.012430891394615173,-0.11336199194192886,0.9934759736061096,0,-0.06800000369548798,0.4198940098285675,0,1,0.9924960136413574,0.12219788134098053,0.004400079138576984,0,-0.1221151053905487,0.9923909902572632,-0.015755778178572655,0,-0.006291920319199562,0.015100225806236267,0.9998660087585449,0,-0.004792999941855669,0.4857949912548065,0,1,0.9950990080833435,0.08625802397727966,-0.048349957913160324,0,-0.08730804920196533,0.9959800243377686,-0.020038902759552002,0,0.04642703756690025,0.024162011221051216,0.9986289739608765,0,0,0.9967560172080994,0,1,0.9999300241470337,0.004920484963804483,0.010731151327490807,0,-0.006769368890672922,0.9836940765380859,0.1797238439321518,0,-0.009671846404671669,-0.17978401482105255,0.983659029006958,0,0.060189999639987946,0.5512700080871582,0,1,0.9884840846061707,0.15131887793540955,0.001437818049453199,0,-0.14909596741199493,0.9722499847412109,0.18027985095977783,0,0.025881808251142502,-0.17841801047325134,0.9836140275001526,0,-0.026318000629544258,0.4993000030517578,0,1,0.0533367358148098,0.002961877966299653,0.9985725283622742,0,-0.9762254357337952,-0.21023869514465332,0.052766695618629456,0,0.21009480953216553,-0.977645993232727,-0.008321979083120823,0,-0.652642011642456,1.5792399644851685,-0.05662799999117851,1,0.10287044197320938,0.19586950540542603,0.9752191305160522,0,-0.8464235663414001,0.5322192907333374,-0.017609991133213043,0,-0.5224796533584595,-0.823637068271637,0.22053825855255127,0,0,1.451390027999878,0,1,-0.6347913146018982,-0.7653979659080505,0.10585719347000122,0,0.7657908201217651,-0.6414552927017212,-0.04582785442471504,0,0.10297922044992447,0.051973357796669006,0.9933251142501831,0,0,3.2765069007873535,0,1,0.41953539848327637,0.09290998429059982,0.9029718041419983,0,-0.0956493690609932,0.99373459815979,-0.05780864506959915,0,-0.9026858806610107,-0.062115952372550964,0.42579391598701477,0,0,2.8292040824890137,0,1,0.9903690218925476,-0.11249212920665741,-0.08071295917034149,0,0.12300586700439453,0.9824810028076172,0.14000007510185242,0,0.06355004012584686,-0.1485799103975296,0.9868560433387756,0,0.32116401195526123,0.5079699754714966,0,1,0.9972810745239258,-0.07198681682348251,-0.015742087736725807,0,0.0734591856598854,0.9880539774894714,0.13547095656394958,0,0.005801913794130087,-0.136259064078331,0.9906560182571411,0,0.08328499644994736,0.4735170006752014,0,1,0.985399067401886,-0.17005783319473267,0.008280721493065357,0,0.1702401489019394,0.9848529100418091,-0.03291241452097893,0,-0.002558278851211071,0.0338415764272213,0.9994239211082458,0,-0.002070999937132001,0.4775800108909607,0,1,0.9856985807418823,-0.15694712102413177,0.06137298420071602,0,0.1547977328300476,0.9872015118598938,0.03836410865187645,0,-0.06660858541727066,-0.028315024450421333,0.997377336025238,0,0,1.0201549530029297,0,1,0.989109218120575,0.1471857875585556,-0.0001555950875626877,0,-0.14675261080265045,0.9862781167030334,0.0756298080086708,0,0.01128508523106575,-0.07478325814008713,0.9971360564231873,0,-0.07540299743413925,0.5894140005111694,0,1,0.9909791946411133,-0.13386210799217224,-0.006439018528908491,0,0.1339627057313919,0.9880682229995728,0.075997494161129,0,-0.0038109931629151106,-0.07617448270320892,0.9970870018005371,0,0.0557279996573925,0.5480239987373352,0,1,-0.9974234700202942,-0.049955517053604126,0.051489297300577164,0,0.05617184937000275,-0.9902642369270325,0.12736551463603973,0,0.04462539777159691,0.12992960214614868,0.9905188679695129,0,1.022987961769104,-0.6898429989814758,-0.1812169998884201,1,0.9847148060798645,0.1652727872133255,0.05497850477695465,0,-0.05626365914940834,0.6005511283874512,-0.7976045608520508,0,-0.16483968496322632,0.7823195457458496,0.600670337677002,0,0,5.231299877166748,0,1,0.9674189686775208,-0.2363615483045578,0.09074535220861435,0,-0.07017814368009567,0.0940374806523323,0.9930925369262695,0,-0.24326221644878387,-0.967104434967041,0.07438619434833527,0,0,4.76700496673584,0,1,0.9827679395675659,-2.0996979799292603e-7,0.18484549224376678,0,-0.10650119930505753,0.8173340559005737,0.5662357807159424,0,-0.15108050405979156,-0.576164186000824,0.8032490015029907,0,0,1.9788390398025513,0,1,-0.9876611232757568,0.14849735796451569,-0.049743592739105225,0,-0.15463413298130035,-0.974976658821106,0.1597120463848114,0,-0.02478203922510147,0.16543354094028473,0.9859099984169006,0,-1.022987961769104,-0.6898429989814758,-0.09872400015592575,1,0.9894567131996155,-0.14179860055446625,0.029480166733264923,0,0.10719796270132065,0.5801522135734558,-0.8074230551719666,0,0.09738848358392715,0.8020703792572021,0.5892359614372253,0,0,5.234388828277588,0,1,0.9791609644889832,0.20293138921260834,-0.007861812599003315,0,-0.0065436530858278275,0.0702185109257698,0.9975100159645081,0,0.202978253364563,-0.9766719341278076,0.07008317857980728,0,0,4.769873142242432,0,1,0.9822595715522766,0.0018052723025903106,-0.18751835823059082,0,0.10808531194925308,0.8117000460624695,0.5739874243736267,0,0.153244748711586,-0.5840722322463989,0.7971044778823853,0,0,1.9828089475631714,0,1
K0.067,0.9738107323646545,0.028960295021533966,0.22550593316555023,0,0.026131320744752884,0.9710245132446289,-0.23754636943340302,0,-0.22585131227970123,0.23721809685230255,0.9448378086090088,0,0.03865664824843407,10.585246086120605,0.18786673247814178,1,0.9974115490913391,-0.05751696974039078,-0.043154068291187286,0,0.05439422279596329,0.9960387945175171,-0.07034566253423691,0,0.04702918976545334,0.06781623512506485,0.9965890049934387,0,0,1.2427419424057007,-0.1856590062379837,1,0.9999783039093018,0.006197075825184584,-0.0022262297570705414,0,-0.005708368495106697,0.9843640327453613,0.17605291306972504,0,0.0032824326772242785,-0.17603632807731628,0.9843777418136597,0,0,1.4659559726715088,0,1,0.9999693036079407,0.007001061923801899,-0.0034441882744431496,0,-0.006285612937062979,0.9843689799308777,0.17600895464420319,0,0.00462260190397501,-0.17598190903663635,0.9843828082084656,0,0,1.6753770112991333,0,1,0.9996286630630493,0.012087375856935978,-0.02443697862327099,0,-0.009744447655975819,0.9955416917800903,0.09381917864084244,0,0.02546204999089241,-0.09354618936777115,0.9952895641326904,0,0,1.8847999572753906,0,1,0.9826238751411438,-0.13174456357955933,-0.13073918223381042,0,0.07546143233776093,0.9271202087402344,-0.3670884668827057,0,0.16957296431064606,0.3508443832397461,0.9209527969360352,0,0,0.855912983417511,0.3470599949359894,1,0.10068835318088531,0.006620393600314856,-0.9948963522911072,0,0.9944078326225281,0.03135792538523674,0.10084758698940277,0,0.03186553344130516,-0.9994865655899048,-0.003426001872867346,0,0.652642011642456,1.576030969619751,-0.03514900058507919,1,0.11148541420698166,0.4921887218952179,-0.8633198142051697,0,0.5905154943466187,0.6659156084060669,0.45590290427207947,0,0.799288809299469,-0.5606305599212646,-0.21640530228614807,0,0,1.451390027999878,0,1,-0.28955286741256714,0.9511939287185669,-0.1067139282822609,0,-0.9516658782958984,-0.29802629351615906,-0.0742473155260086,0,-0.10242722183465958,0.08005751669406891,0.9915138483047485,0,0,3.2703590393066406,0,1,0.7190850377082825,-0.5069902539253235,-0.47526630759239197,0,-0.11099056154489517,0.5913429856300354,-0.7987453937530518,0,0.686001181602478,0.6271155476570129,0.3689545691013336,0,0,2.8214590549468994,0,1,0.985105037689209,0.16378898918628693,0.05236601456999779,0,-0.16652701795101166,0.984607994556427,0.053062018007040024,0,-0.04286899417638779,-0.060991983860731125,0.9972169995307922,0,-0.3050509989261627,0.43549299240112305,0,1,0.9990109801292419,0.041013989597558975,0.017180128023028374,0,-0.042694006115198135,0.9927070140838623,0.11274101585149765,0,-0.012430872768163681,-0.11336296796798706,0.9934759736061096,0,-0.06800000369548798,0.4198940098285675,0,1,0.9924960136413574,0.12219788879156113,0.004400048870593309,0,-0.1221151053905487,0.9923909902572632,-0.0157562717795372,0,-0.006291950587183237,0.015100720338523388,0.9998660087585449,0,-0.004792999941855669,0.4857949912548065,0,1,0.995099663734436,0.08624672144651413,-0.048351071774959564,0,-0.08729732036590576,0.9959802627563477,-0.020051270723342896,0,0.04642739146947861,0.024173950776457787,0.9986294507980347,0,0,0.9967560172080994,0,1,0.9999300837516785,0.004892540164291859,0.010727716609835625,0,-0.006740966346114874,0.9836990833282471,0.17969417572021484,0,-0.009673692286014557,-0.17975404858589172,0.9836640357971191,0,0.060189999639987946,0.5512700080871582,0,1,0.9884885549545288,0.15129119157791138,0.0014346024254336953,0,-0.14906887710094452,0.9722595810890198,0.18024924397468567,0,0.025875311344861984,-0.17838811874389648,0.9836200475692749,0,-0.026318000629544258,0.4993000030517578,0,1,0.055386871099472046,0.0025152156595140696,0.9984614849090576,0,-0.9746153950691223,-0.21712268888950348,0.0546109676361084,0,0.21692611277103424,-0.9761408567428589,-0.009574311785399914,0,-0.652642011642456,1.5792399644851685,-0.05662799999117851,1,0.0942067801952362,0.29314860701560974,0.9514142274856567,0,-0.8800878524780273,0.47124746441841125,-0.05805597081780434,0,-0.46537071466445923,-0.8318589925765991,0.30239129066467285,0,0,1.451390027999878,0,1,-0.6875616908073425,-0.7178961634635925,0.1090150997042656,0,0.7182640433311462,-0.6944413185119629,-0.04298422858119011,0,0.10656283050775528,0.04874732717871666,0.9931105375289917,0,0,3.2765069007873535,0,1,0.3991104066371918,0.026121769100427628,0.9165304899215698,0,-0.11532154679298401,0.993086040019989,0.021914012730121613,0,-0.9096218943595886,-0.1144419014453888,0.3993636667728424,0,0,2.8292040824890137,0,1,0.9903690218925476,-0.11249212920665741,-0.08071295917034149,0,0.12300586700439453,0.9824810028076172,0.14000007510185242,0,0.06355004012584686,-0.1485799103975296,0.9868560433387756,0,0.32116401195526123,0.5079699754714966,0,1,0.9972810745239258,-0.07198681682348251,-0.015742087736725807,0,0.0734591856598854,0.9880539774894714,0.13547095656394958,0,0.005801913794130087,-0.136259064078331,0.9906560182571411,0,0.08328499644994736,0.4735170006752014,0,1,0.985399067401886,-0.17005783319473267,0.008280678652226925,0,0.1702401489019394,0.9848529696464539,-0.032911915332078934,0,-0.0025583214592188597,0.0338410809636116,0.9994239807128906,0,-0.002070999937132001,0.4775800108909607,0,1,0.9834833145141602,-0.17110583186149597,0.059017397463321686,0,0.16810844838619232,0.9843685626983643,0.05251593887805939,0,-0.06708063930273056,-0.0417272187769413,0.9968741536140442,0,0,1.0201549530029297,0,1,0.990144670009613,0.14004908502101898,-0.00004203669595881365,0,-0.13957028090953827,0.9867842197418213,0.08232273161411285,0,0.01157070230692625,-0.08150552958250046,0.996605634689331,0,-0.07540299743413925,0.5894140005111694,0,1,0.9899975061416626,-0.14092908799648285,-0.00668568629771471,0,0.14099667966365814,0.9865478873252869,0.08272139728069305,0,-0.005062101874500513,-0.08283662796020508,0.9965503811836243,0,0.0557279996573925,0.5480239987373352,0,1,-0.9929136633872986,-0.07441622763872147,0.09265182167291641,0,0.08367598056793213,-0.9914194345474243,0.10043326765298843,0,0.08438294380903244,0.10747428983449936,0.9906205534934998,0,1.022987961769104,-0.6898429989814758,-0.1812169998884201,1,0.9829989075660706,0.17995859682559967,0.03643044829368591,0,-0.07100700587034225,0.5555717945098877,-0.8284308910369873,0,-0.16932304203510284,0.8117600679397583,0.5589048862457275,0,0,5.231299877166748,0,1,0.9709538221359253,-0.23331953585147858,0.053006451576948166,0,-0.03902636095881462,0.06413546949625015,0.9971775412559509,0,-0.23606064915657043,-0.9702821373939514,0.05316697806119919,0,0,4.76700496673584,0,1,0.9827680587768555,6.6020064082295e-8,0.1848449409008026,0,-0.10650092363357544,0.8173350691795349,0.5662348866462708,0,-0.15108005702495575,-0.576163113117218,0.8032499551773071,0,0,1.9788390398025513,0,1,-0.9906070828437805,0.12675583362579346,-0.0512852817773819,0,-0.13242483139038086,-0.9827842116355896,0.1288352906703949,0,-0.03407173976302147,0.1344165951013565,0.9903386235237122,0,-1.022987961769104,-0.6898429989814758,-0.09872400015592575,1,0.9860548377037048,-0.15682467818260193,0.05569257214665413,0,0.13376694917678833,0.5477960705757141,-0.8258479833602905,0,0.09900522232055664,0.8217817544937134,0.5611352324485779,0,0,5.234388828277588,0,1,0.976144552230835,0.21706244349479675,-0.005164335016161203,0,-0.0071221450343728065,0.05578311160206795,0.9984170198440552,0,0.21700696647167206,-0.9745625853538513,0.055998336523771286,0,0,4.769873142242432,0,1,0.9821370244026184,0.0031074027065187693,-0.1881399303674698,0,0.1086501032114029,0.8069725632667542,0.5805087685585022,0,0.15362770855426788,-0.5905808210372925,0.7922203540802002,0,0,1.9828089475631714,0,1
K0.100,0.9677997827529907,0.018641803413629532,0.2510301172733307,0,0.057118017226457596,0.954977810382843,-0.29112568497657776,0,-0.24515534937381744,0.296089768409729,0.9231627583503723,0,0.0894070714712143,10.496403694152832,0.10103307664394379,1,0.9967833757400513,-0.06775764375925064,-0.042788196355104446,0,0.06799877434968948,0.9976769089698792,0.0042024459689855576,0,0.04240407049655914,-0.007098477333784103,0.9990758299827576,0,0,1.2427419424057007,-0.1856590062379837,1,0.9997758269309998,0.020988283678889275,0.0028389792423695326,0,-0.021142734214663506,0.9811519980430603,0.1920751929283142,0,0.0012458587298169732,-0.1920921802520752,0.9813759922981262,0,0,1.4659559726715088,0,1,0.999761700630188,0.021827999502420425,0.0008687159861437976,0,-0.02158854342997074,0.981151819229126,0.1920269876718521,0,0.003339222399517894,-0.19199995696544647,0.981389045715332,0,0,1.6753770112991333,0,1,0.9995572566986084,0.018778063356876373,-0.023073147982358932,0,-0.016931641846895218,0.9968274235725403,0.07776764035224915,0,0.024460280314087868,-0.07734256982803345,0.9967043399810791,0,0,1.8847999572753906,0,1,0.982580304145813,-0.13321180641651154,-0.12957774102687836,0,0.06925412267446518,0.9095115661621094,-0.40986931324005127,0,0.1724519282579422,0.39375579357147217,0.9028937816619873,0,0,0.855912983417511,0.3470599949359894,1,0.10405371338129044,0.0067810239270329475,-0.9945487976074219,0,0.9936913251876831,0.041367433965206146,0.10424607247114182,0,0.04184883460402489,-0.9991214871406555,-0.0024338222574442625,0,0.652642011642456,1.576030969619751,-0.03514900058507919,1,0.13930417597293854,0.5020546913146973,-0.8535428643226624,0,0.5369370579719543,0.685941219329834,0.4911031424999237,0,0.8320411443710327,-0.5267117023468018,-0.17401736974716187,0,0,1.451390027999878,0,1,-0.2752344310283661,0.9555602669715881,-0.10559704899787903,0,-0.9560331702232361,-0.2836131751537323,-0.07458746433258057,0,-0.10122155398130417,0.08042524009943008,0.9916076064109802,0,0,3.2703590393066406,0,1,0.7445234060287476,-0.4854736924171448,-0.4582565426826477,0,-0.12152230739593506,0.5764064788818359,-0.8080766797065735,0,0.6564423441886902,0.6573207378387451,0.37015247344970703,0,0,2.8214590549468994,0,1,0.9851048588752747,0.16378846764564514,0.0523659847676754,0,-0.16652652621269226,0.9846081137657166,0.05306202545762062,0,-0.04286900907754898,-0.06099196523427963,0.9972169995307922,0,-0.3050509989261627,0.43549299240112305,0,1,0.9990109801292419,0.04101400077342987,0.01718010939657688,0,-0.04269399493932724,0.9927069544792175,0.11274002492427826,0,-0.012430891394615173,-0.11336198449134827,0.9934759736061096,0,-0.06800000369548798,0.4198940098285675,0,1,0.9924960136413574,0.12219788879156113,0.004400079138576984,0,-0.1221151128411293,0.9923909902572632,-0.015755776315927505,0,-0.006291919853538275,0.015100223943591118,0.9998660087585449,0,-0.004792999941855669,0.4857949912548065,0,1,0.9953076243400574,0.08366807550191879,-0.04859764128923416,0,-0.08485738933086395,0.9961288571357727,-0.022944210097193718,0,0.04648982733488083,0.026960425078868866,0.9985548257827759,0,0,0.9967560172080994,0,1,0.9999371767044067,0.0036160764284431934,0.010570697486400604,0,-0.005443482659757137,0.9839559197425842,0.17833082377910614,0,-0.009756243787705898,-0.178377166390419,0.9839138388633728,0,0.060189999639987946,0.5512700080871582,0,1,0.9886813163757324,0.1500234156847,0.0012963253539055586,0,-0.14783309400081635,0.9727010726928711,0.17887723445892334,0,0.025574862957000732,-0.17704439163208008,0.9838707447052002,0,-0.026318000629544258,0.4993000030517578,0,1,0.05416322872042656,0.0019449206301942468,0.9985303282737732,0,-0.9731848239898682,-0.22378182411193848,0.05322428047657013,0,0.22355644404888153,-0.9746373295783997,-0.01022796519100666,0,-0.652642011642456,1.5792399644851685,-0.05662799999117851,1,0.17254133522510529,0.3751623034477234,0.910759449005127,0,-0.8993985652923584,0.4370230436325073,-0.009630574844777584,0,-0.4016360640525818,-0.8174743056297302,0.4128251075744629,0,0,1.451390027999878,0,1,-0.7016563415527344,-0.7039958834648132,0.10985846817493439,0,0.7043565511703491,-0.7085936665534973,-0.04215199127793312,0,0.10751982033252716,0.04780331254005432,0.993053138256073,0,0,3.2765069007873535,0,1,0.35542601346969604,-0.05802058055996895,0.9329017400741577,0,-0.1306885927915573,0.9851831793785095,0.1110631600022316,0,-0.9255228638648987,-0.16139431297779083,0.3425770401954651,0,0,2.8292040824890137,0,1,0.9903690218925476,-0.11249212175607681,-0.0807129517197609,0,0.12300585955381393,0.9824810028076172,0.14000007510185242,0,0.06355004012584686,-0.1485799103975296,0.9868560433387756,0,0.32116401195526123,0.5079699754714966,0,1,0.9972810745239258,-0.07198681682348251,-0.015742087736725807,0,0.0734591856598854,0.9880539774894714,0.13547095656394958,0,0.005801913794130087,-0.136259064078331,0.9906560182571411,0,0.08328499644994736,0.4735170006752014,0,1,0.985399067401886,-0.17005783319473267,0.0082806795835495,0,0.1702401489019394,0.9848529696464539,-0.03291192278265953,0,-0.0025583209935575724,0.0338410884141922,0.9994239807128906,0,-0.002070999937132001,0.4775800108909607,0,1,0.9723386764526367,-0.22876301407814026,0.04716874286532402,0,0.2225411981344223,0.9686540365219116,0.11038701236248016,0,-0.07094267010688782,-0.09683658927679062,0.9927691221237183,0,0,1.0201549530029297,0,1,0.9938725829124451,0.11052927374839783,-0.00008679719758220017,0,-0.10985033959150314,0.9878539443016052,0.10989859700202942,0,0.012232750654220581,-0.1092156246304512,0.9939422607421875,0,-0.07540299743413925,0.5894140005111694,0,1,0.9854127168655396,-0.1699855923652649,-0.0082112867385149,0,0.16984544694423676,0.9792675375938416,0.11039406061172485,0,-0.010724351741373539,-0.11017832905054092,0.993853747844696,0,0.0557279996573925,0.5480239987373352,0,1,-0.9858148694038391,-0.099900983273983,0.13486535847187042,0,0.10856743901968002,-0.992366373538971,0.058495502918958664,0,0.1279921680688858,0.0723077654838562,0.9891361594200134,0,1.022987961769104,-0.6898429989814758,-0.1812169998884201,1,0.9824063777923584,0.18583086133003235,0.018535543233156204,0,-0.08218470960855484,0.5193189382553101,-0.8506202101707458,0,-0.16769728064537048,0.8341310620307922,0.5254544615745544,0,0,5.231299877166748,0,1,0.9721476435661316,-0.23157082498073578,0.036103639751672745,0,-0.027132101356983185,0.04181171581149101,0.9987573623657227,0,-0.2327926903963089,-0.9719194173812866,0.034364163875579834,0,0,4.76700496673584,0,1,0.9827679395675659,-2.0996979799292603e-7,0.18484549224376678,0,-0.10650119930505753,0.8173340559005737,0.5662357807159424,0,-0.15108050405979156,-0.576164186000824,0.8032490015029907,0,0,1.9788390398025513,0,1,-0.99113529920578,0.11855622380971909,-0.059960827231407166,0,-0.12418290227651596,-0.9871092438697815,0.10096786171197891,0,-0.04721749573945999,0.10751887410879135,0.9930810332298279,0,-1.022987961769104,-0.6898429989814758,-0.09872400015592575,1,0.9861009120941162,-0.14208103716373444,0.08612769097089767,0,0.14821848273277283,0.5180323719978333,-0.8424213528633118,0,0.07507514953613281,0.8434779047966003,0.5318910479545593,0,0,5.234388828277588,0,1,0.9777280688285828,0.2098090946674347,-0.00533774821087718,0,-0.005355639383196831,0.05036609619855881,0.9987167716026306,0,0.2098085582256317,-0.9764440655708313,0.050367966294288635,0,0,4.769873142242432,0,1,0.981863260269165,0.006039890460669994,-0.18949298560619354,0,0.10992585122585297,0.7962007522583008,0.594961941242218,0,0.1544680893421173,-0.6050019860267639,0.7810969948768616,0,0,1.9828089475631714,0,1
