2.733,30,82,41
B0,mixamorig_Hips,-1,0.10020127892494202,-0.025586016476154327,0.9946383833885193,0,-0.29968515038490295,0.9524694681167603,0.05469197407364845,0,-0.9487618207931519,-0.30355846881866455,0.08777088671922684,0,0.5326893329620361,9.30497932434082,-0.49787184596061707,1
B1,mixamorig_Spine,0,0.9876776337623596,0.040951211005449295,0.15104994177818298,0,-0.05742694064974785,0.9926658272743225,0.10637829452753067,0,-0.1455857753753662,-0.11374178528785706,0.9827854633331299,0,0,1.1871720552444458,-0.18419000506401062,1
B2,mixamorig_Spine1,1,0.9750531315803528,-0.048749957233667374,0.21655037999153137,0,-0.013964519836008549,0.96017986536026,0.2790338099002838,0,-0.2215302586555481,-0.2750968635082245,0.9355458617210388,0,0,1.4016029834747314,0,1
B3,mixamorig_Spine2,2,0.9773815870285034,-0.029496874660253525,0.20941737294197083,0,0.01074698381125927,0.9958736896514893,0.09011313319206238,0,-0.2112111747264862,-0.08582426607608795,0.9736649990081787,0,0,1.6018329858779907,0,1
B4,mixamorig_Neck,3,0.9499096274375916,0.061573825776576996,-0.3063993752002716,0,0.05450044944882393,0.9327400922775269,0.35640692710876465,0,0.30773627758026123,-0.3552532494068146,0.8826628923416138,0,0,1.8020609617233276,0,1
B5,mixamorig_Head,4,0.8898069858551025,-0.26787179708480835,-0.36944353580474854,0,0.17220965027809143,0.946834146976471,-0.27175143361091614,0,0.42259618639945984,0.17818450927734375,0.8886293768882751,0,0,0.876151978969574,0.3483310043811798,1
B6,mixamorig_HeadTop_End,5,1,0,0,0,0,1,0,0,0,0,1,0,0,2.8381810188293457,1.1283719539642334,1
B7,mixamorig_LeftShoulder,3,0.4945208430290222,-0.009557588025927544,-0.8691131472587585,0,0.8045129179954529,-0.3734096586704254,0.4618699848651886,0,-0.32894960045814514,-0.9276170134544373,-0.17696960270404816,0,0.6684079766273499,1.4949359893798828,-0.03617100045084953,1
B8,mixamorig_LeftArm,7,0.8177381753921509,0.4770318567752838,0.32209497690200806,0,-0.572739839553833,0.6187353134155273,0.5377132892608643,0,0.05721481144428253,-0.6241852045059204,0.7791785001754761,0,0,1.5037169456481934,0,1
B9,mixamorig_LeftForeArm,8,0.03507426381111145,0.9862616062164307,-0.1614239662885666,0,-0.7107174396514893,0.13817229866981506,0.6897745132446289,0,0.7026024460792542,0.09053350985050201,0.7057996392250061,0,0,3.3016510009765625,0,1
B10,mixamorig_LeftHand,9,0.36654263734817505,0.019353514537215233,-0.9302000999450684,0,-0.25784873962402344,0.962735652923584,-0.08157410472631454,0,0.8939579129219055,0.26975125074386597,0.3578738868236542,0,0,2.7329390048980713,0,1
B11,mixamorig_LeftHandThumb1,10,0.8984261155128479,0.38637617230415344,-0.20867270231246948,0,-0.42685285210609436,0.8799710273742676,-0.2084408700466156,0,0.10308932512998581,0.27634117007255554,0.9555144309997559,0,-0.31367599964141846,0.46373501420021057,0,1
B12,mixamorig_LeftHandThumb2,11,0.9681394696235657,0.1489439457654953,0.20130164921283722,0,-0.17309510707855225,0.9789484739303589,0.1081550195813179,0,-0.18095488846302032,-0.13955345749855042,0.9735400080680847,0,-0.06563899666070938,0.4430510103702545,0,1
B13,mixamorig_LeftHandThumb3,12,0.9985419511795044,-0.05206097662448883,0.01425938680768013,0,0.04639020562171936,0.9627434015274048,0.26640674471855164,0,-0.027597546577453613,-0.26535701751708984,0.9637555480003357,0,0.0031789999920874834,0.48552098870277405,0,1
B14,mixamorig_LeftHandThumb4,13,1,0,0,0,0,1,0,0,0,0,1,0,0.062460001558065414,0.4080809950828552,0,1
B15,mixamorig_LeftHandIndex1,10,0.9558509588241577,0.29197144508361816,-0.03319734334945679,0,-0.29299047589302063,0.9555920362472534,-0.03161844238638878,0,0.022491438314318657,0.039949025958776474,0.9989485144615173,0,0,0.9771119952201843,0,1
B16,mixamorig_LeftHandIndex2,15,0.9979839324951172,0.0629255622625351,0.008286107331514359,0,-0.06344722956418991,0.9857050776481628,0.1560766100883484,0,0.0016535494942218065,-0.15628765523433685,0.987710177898407,0,0.05210400000214577,0.5617660284042358,0,1
B17,mixamorig_LeftHandIndex3,16,0.9905600547790527,0.13707967102527618,0.0006125173531472683,0,-0.13656894862651825,0.9864640235900879,0.09075905382633209,0,0.011836997233331203,-0.08998596668243408,0.9958729147911072,0,-0.029978999868035316,0.5294229984283447,0,1
B18,mixamorig_LeftHandIndex4,17,1,0,0,0,0,1,0,0,0,0,1,0,-0.02212500013411045,0.491921991109848,0,1
B19,mixamorig_RightShoulder,3,-0.23166176676750183,-0.04720734432339668,0.971650242805481,0,-0.8253982067108154,-0.5190658569335938,-0.22201085090637207,0,0.5148308277130127,-0.8534295558929443,0.08128277957439423,0,-0.6684079766273499,1.4984140396118164,-0.058591000735759735,1
B20,mixamorig_RightArm,19,0.7125240564346313,0.6396085619926453,0.28846171498298645,0,-0.6986643075942993,0.6088898777961731,0.3756614625453949,0,0.06463482230901718,-0.4692056179046631,0.8807200789451599,0,0,1.5037169456481934,0,1
B21,mixamorig_RightForeArm,20,0.8926554322242737,-0.307687371969223,0.32938647270202637,0,0.17586827278137207,0.9106007218360901,0.37400004267692566,0,-0.4150145947933197,-0.2759245038032532,0.8669650554656982,0,0,3.307734966278076,0,1
B22,mixamorig_RightHand,21,0.7499284148216248,0.6178512573242188,0.2363620549440384,0,-0.5897487998008728,0.7862939238548279,-0.18422295153141022,0,-0.2996726334095001,-0.0012402191059663892,0.9540417790412903,0,0,2.741194009780884,0,1
B23,mixamorig_RightHandThumb1,22,0.4332137405872345,-0.2659105658531189,0.8611721396446228,0,0.6425880193710327,0.7611141204833984,-0.08823982626199722,0,-0.6319864392280579,0.5916056632995605,0.5005960464477539,0,0.31780698895454407,0.5204169750213623,0,1
B24,mixamorig_RightHandThumb2,23,0.9795440435409546,-0.04607192054390907,-0.19588658213615417,0,0.08716759085655212,0.9745169878005981,0.20668399333953857,0,0.18137241899967194,-0.21953096985816956,0.9585980176925659,0,0.08337199687957764,0.4806489944458008,0,1
B25,mixamorig_RightHandThumb3,24,0.9961385130882263,0.04261597990989685,-0.07675911486148834,0,0.0026929788291454315,0.859049916267395,0.5118849873542786,0,0.08775439113378525,-0.5101150274276733,0.8556179404258728,0,0.015426999889314175,0.47726699709892273,0,1
B26,mixamorig_RightHandThumb4,25,1,0,0,0,0,1,0,0,0,0,1,0,-0.09879899770021439,0.36491599678993225,0,1
B27,mixamorig_RightHandIndex1,22,0.7743802666664124,-0.6304056644439697,0.054070424288511276,0,0.5748302936553955,0.7366659045219421,0.3562217652797699,0,-0.264396071434021,-0.24476981163024902,0.9328359961509705,0,0,1.004459023475647,0,1
B28,mixamorig_RightHandIndex2,27,0.6725081205368042,-0.7052193880081177,-0.22449596226215363,0,0.6813065409660339,0.4714493155479431,0.5599611401557922,0,-0.2890569269657135,-0.5295289158821106,0.7975240349769592,0,-0.05621400102972984,0.588358998298645,0,1
B29,mixamorig_RightHandIndex3,28,0.6291587948799133,-0.753456175327301,-0.1909520924091339,0,0.7146589159965515,0.46414124965667725,0.5232928991317749,0,-0.30564960837364197,-0.4657001495361328,0.8304829597473145,0,0.03230699896812439,0.5530980229377747,0,1
B30,mixamorig_RightHandIndex4,29,1,0,0,0,0,1,0,0,0,0,1,0,0.02390800043940544,0.4435960054397583,0,1
B31,mixamorig_LeftUpLeg,0,-0.5129766464233398,-0.10240324586629868,0.8522728085517883,0,0.8049907684326172,-0.4021453857421875,0.4361989200115204,0,0.29806920886039734,0.9098312258720398,0.2887246906757355,0,1.0144129991531372,-0.6594070196151733,-0.17839199304580688,1
B32,mixamorig_LeftLeg,31,0.9976435303688049,0.05672543868422508,0.038586921989917755,0,0.011952309869229794,0.41013482213020325,-0.9119468331336975,0,-0.0675564557313919,0.9102594256401062,0.4084905683994293,0,0,5.199635982513428,0,1
B33,mixamorig_LeftFoot,32,0.9558587074279785,-0.28647923469543457,0.06529699265956879,0,0.08129777014255524,0.4714135527610779,0.8781571388244629,0,-0.28235578536987305,-0.8340859413146973,0.4738950729370117,0,0,5.087769031524658,0,1
B34,mixamorig_LeftToeBase,33,0.9906895160675049,-0.07934500277042389,0.11062697321176529,0,-0.0018019898561760783,0.8048864006996155,0.5934260487556458,0,-0.1361275464296341,-0.5881003737449646,0.7972496151924133,0,0,1.9792859554290771,0,1
B35,mixamorig_LeftToe_End,34,1,0,0,0,0,1,0,0,0,0,1,0,0,0.7514510154724121,0,1
B36,mixamorig_RightUpLeg,0,-0.978241503238678,0.15440213680267334,-0.13857805728912354,0,-0.1802656203508377,-0.30190595984458923,0.9361394047737122,0,0.10270437598228455,0.9407511353492737,0.3231702148914337,0,-1.0144129991531372,-0.6594070196151733,-0.1146169975399971,1
B37,mixamorig_RightLeg,36,0.9531225562095642,0.22711920738220215,0.19993634521961212,0,0.1238592192530632,0.3100229799747467,-0.9426261186599731,0,-0.2760734260082245,0.923202395439148,0.2673591375350952,0,0,5.200582981109619,0,1
B38,mixamorig_RightFoot,37,0.9746348857879639,0.09012465924024582,0.20485180616378784,0,-0.2192257195711136,0.20033268630504608,0.9548859596252441,0,0.04502025619149208,-0.9755741357803345,0.2150088995695114,0,0,5.092588901519775,0,1
B39,mixamorig_RightToeBase,38,0.9829139709472656,0.054904427379369736,-0.17568399012088776,0,0.053822413086891174,0.8270238041877747,0.5595846772193909,0,0.17601850628852844,-0.559479296207428,0.8099381327629089,0,0,1.9834200143814087,0,1
B40,mixamorig_RightToe_End,39,1,0,0,0,0,1,0,0,0,0,1,0,0,0.7490540146827698,0,1
@34,0,1,2,3,4,5,7,8,9,10,11,12,13,15,16,17,19,20,21,22,23,24,25,27,28,29,31,32,33,34,36,37,38,39
K0.000,0.6370327472686768,0.040395088493824005,0.7697781920433044,0,-0.12704990804195404,0.9904710054397583,0.053164396435022354,0,-0.7602948546409607,-0.1316676139831543,0.6360942721366882,0,-0.10294599831104279,10.283662796020508,0.10248000174760818,1,0.9981390237808228,-0.0255281962454319,-0.05537226051092148,0,0.027543805539608,0.9989740252494812,0.03594836965203285,0,0.05439774692058563,-0.03740663081407547,0.9978179931640625,0,0,1.1871720552444458,-0.18419000506401062,1,0.9925030469894409,-0.04728884622454643,-0.1127050593495369,0,0.05860916152596474,0.9933260083198547,0.09934365004301071,0,0.10725495219230652,-0.10520435124635696,0.9886500239372253,0,0,1.4016029834747314,0,1,0.9925029873847961,-0.04724421724677086,-0.11272332072257996,0,0.035293787717819214,0.9937660098075867,-0.10575012862682343,0,0.11701668798923492,0.10097888112068176,0.9879831075668335,0,0,1.6018329858779907,0,1,0.9866660833358765,0.02688080631196499,-0.16052408516407013,0,0.0045718057081103325,0.981300950050354,0.19242601096630096,0,0.16269491612911224,-0.19059398770332336,0.9680929780006409,0,0,1.8020609617233276,0,1,0.9176599383354187,-0.08967806398868561,-0.38711515069007874,0,0.05649792402982712,0.9937490820884705,-0.09628044813871384,0,0.3933298587799072,0.06648155301809311,0.9169910550117493,0,0,0.876151978969574,0.3483310043811798,1,0.2567034065723419,-0.04496822506189346,-0.9654439091682434,0,0.935139000415802,-0.2408069223165512,0.2598618268966675,0,-0.24417094886302948,-0.9695309996604919,-0.019764376804232597,0,0.6684079766273499,1.4949359893798828,-0.03617100045084953,1,0.9993289709091187,0.019729137420654297,-0.030856648460030556,0,0.0024401380214840174,0.8047699928283691,0.5935810208320618,0,0.0365433506667614,-0.5932580828666687,0.8041819334030151,0,0,1.5037169456481934,0,1,0.8251890540122986,0.452431857585907,0.33818498253822327,0,-0.4969601631164551,0.8660959601402283,0.05392516404390335,0,-0.2685030400753021,-0.21256281435489655,0.939532995223999,0,0,3.3016510009765625,0,1,0.6849181056022644,-0.06106575205922127,-0.7260559797286987,0,-0.039619751274585724,0.9918860793113708,-0.12079861015081406,0,0.7275420427322388,0.11150339990854263,0.6769418120384216,0,0,2.7329390048980713,0,1,0.8104327321052551,0.43953514099121094,-0.38730818033218384,0,-0.5200937390327454,0.8441030383110046,-0.13035635650157928,0,0.2696318030357361,0.3070816099643707,0.9126882553100586,0,-0.31367599964141846,0.46373501420021057,0,1,0.9745550751686096,0.1086350679397583,0.1960645616054535,0,-0.14229291677474976,0.9756919741630554,0.16666920483112335,0,-0.17319239675998688,-0.19032680988311768,0.9663229584693909,0,-0.06563899666070938,0.4430510103702545,0,1,0.9986900687217712,0.04825706407427788,0.017033813521265984,0,-0.05025894567370415,0.9875850081443787,0.14883098006248474,0,-0.00964018702507019,-0.1494920253753662,0.9887160658836365,0,0.0031789999920874834,0.48552098870277405,0,1,0.9871940016746521,0.1574200540781021,-0.025830108672380447,0,-0.15891394019126892,0.9845949411392212,-0.07293412834405899,0,0.01395089365541935,0.07610486447811127,0.9970020651817322,0,0,0.9771119952201843,0,1,0.996425986289978,-0.08446411043405533,-0.00039818990626372397,0,0.08438588678836823,0.9952769875526428,0.047978922724723816,0,-0.003656189888715744,-0.04784107953310013,0.998848021030426,0,0.05210400000214577,0.5617660284042358,0,1,0.9929159283638,0.11882129311561584,-0.000430828396929428,0,-0.11843271553516388,0.9899490475654602,0.07728976756334305,0,0.009610171429812908,-0.07669124752283096,0.9970089197158813,0,-0.029978999868035316,0.5294229984283447,0,1,0.3631455898284912,0.10920512676239014,0.9253111481666565,0,-0.9016647934913635,-0.2090635746717453,0.3785390555858612,0,0.23478716611862183,-0.9717849493026733,0.022545889019966125,0,-0.6684079766273499,1.4984140396118164,-0.058591000735759735,1,0.8251979947090149,0.5328160524368286,0.1874968558549881,0,-0.5129568576812744,0.5679296851158142,0.6436852216720581,0,0.23648083209991455,-0.6273456811904907,0.7419663071632385,0,0,1.5037169456481934,0,1,0.6559639573097229,-0.7179829478263855,-0.23283228278160095,0,0.7443040609359741,0.6665489673614502,0.04151414707303047,0,0.12538771331310272,-0.20052985846996307,0.9716300368309021,0,0,3.307734966278076,0,1,0.5019621849060059,-0.45091578364372253,0.7380439639091492,0,0.5840511918067932,0.8061058521270752,0.09527108073234558,0,-0.6379010677337646,0.38323310017585754,0.6679928302764893,0,0,2.741194009780884,0,1,0.43321341276168823,-0.26590999960899353,0.8611718416213989,0,0.6425880193710327,0.7611140012741089,-0.08824017643928528,0,-0.6319864392280579,0.5916059017181396,0.50059574842453,0,0.31780698895454407,0.5204169750213623,0,1,0.9795439839363098,-0.0460716187953949,-0.19588704407215118,0,0.0871673971414566,0.9745169878005981,0.20668399333953857,0,0.18137295544147491,-0.21953101456165314,0.9585980772972107,0,0.08337199687957764,0.4806489944458008,0,1,0.9961389899253845,0.04261591657996178,-0.07675889134407043,0,0.0026929164305329323,0.859049916267395,0.5118849873542786,0,0.08775412291288376,-0.5101150274276733,0.8556180000305176,0,0.015426999889314175,0.47726699709892273,0,1,0.7743799686431885,-0.6304060816764832,0.05407090112566948,0,0.574830949306488,0.7366660237312317,0.35622119903564453,0,-0.2643961012363434,-0.24476884305477142,0.9328359365463257,0,0,1.004459023475647,0,1,0.6725077033042908,-0.7052192091941833,-0.2244962453842163,0,0.681306779384613,0.4714489281177521,0.5599614381790161,0,-0.289057195186615,-0.5295295715332031,0.7975242137908936,0,-0.05621400102972984,0.588358998298645,0,1,0.6291587948799133,-0.753456175327301,-0.19095183908939362,0,0.7146587371826172,0.46414127945899963,0.5232928991317749,0,-0.3056498169898987,-0.4657000005245209,0.830483078956604,0,0.03230699896812439,0.5530980229377747,0,1,-0.656095027923584,0.03648286312818527,0.753795862197876,0,0.5720887780189514,-0.6273820400238037,0.5283039808273315,0,0.4921921193599701,0.7778559327125549,0.390750914812088,0,1.0144129991531372,-0.6594070196151733,-0.17839199304580688,1,0.9393901228904724,-0.20199784636497498,-0.2770257890224457,0,-0.07126783579587936,0.6753109693527222,-0.7340821027755737,0,0.3353612720966339,0.7093318700790405,0.619983971118927,0,0,5.199635982513428,0,1,0.9945020079612732,-0.0850687175989151,0.06106464937329292,0,-0.0021617268212139606,0.5663390755653381,0.824168860912323,0,-0.10469434410333633,-0.8197700381278992,0.5630417466163635,0,0,5.087769031524658,0,1,0.9906880855560303,-0.07935405522584915,0.11063708364963531,0,-0.0018020390998572111,0.8048808574676514,0.5934340953826904,0,-0.13614094257354736,-0.5881068706512451,0.7972421646118164,0,0,1.9792859554290771,0,1,-0.9166601300239563,0.3234122097492218,-0.23481464385986328,0,-0.3991498351097107,-0.7706771492958069,0.4967249929904938,0,-0.02031935565173626,0.5490550398826599,0.8355400562286377,0,-1.0144129991531372,-0.6594070196151733,-0.1146169975399971,1,0.9940729737281799,-0.04173874482512474,0.10038087517023087,0,0.10691925138235092,0.5423918962478638,-0.8332940340042114,0,-0.019665133208036423,0.8390880227088928,0.5436400175094604,0,0,5.200582981109619,0,1,0.9429468512535095,0.31805622577667236,0.09843996167182922,0,-0.12894174456596375,0.07626370340585709,0.9887149930000305,0,0.30695995688438416,-0.9449999332427979,0.11292347311973572,0,0,5.092588901519775,0,1,0.9829139709472656,0.054904259741306305,-0.17568370699882507,0,0.05382226034998894,0.827023983001709,0.5595840215682983,0,0.17601829767227173,-0.5594789981842041,0.809938907623291,0,0,1.9834200143814087,0,1
K0.034,0.6484017372131348,0.05110356584191322,0.7595804333686829,0,-0.1356700360774994,0.989530086517334,0.0492379292845726,0,-0.7491114735603333,-0.1349782794713974,0.6485462188720703,0,-0.14688806235790253,10.237485885620117,0.026309043169021606,1,0.9980581402778625,-0.02635972388088703,-0.05644480884075165,0,0.028336700052022934,0.9990020990371704,0.03451615944504738,0,0.05547863617539406,-0.036048583686351776,0.9978089332580566,0,0,1.1871720552444458,-0.18419000506401062,1,0.9922353625297546,-0.04825615510344505,-0.11463024467229843,0,0.05947333946824074,0.9935505986213684,0.09654182940721512,0,0.10923223197460175,-0.10260967910289764,0.9887062311172485,0,0,1.4016029834747314,0,1,0.992230236530304,-0.04819846153259277,-0.11469966918230057,0,0.0357077494263649,0.9934478402137756,-0.1085648238658905,0,0.11918078362941742,0.10362561792135239,0.9874499440193176,0,0,1.6018329858779907,0,1,0.985977292060852,0.022720934823155403,-0.16532273590564728,0,0.008913717232644558,0.9821026921272278,0.18813514709472656,0,0.1666385382413864,-0.18697066605091095,0.9681286215782166,0,0,1.8020609617233276,0,1,0.9166854619979858,-0.09216061979532242,-0.3888379633426666,0,0.058492694050073624,0.9935075044631958,-0.09758016467094421,0,0.39530640840530396,0.06670612096786499,0.9161243438720703,0,0,0.876151978969574,0.3483310043811798,1,0.2507844567298889,-0.0458151139318943,-0.9669579863548279,0,0.9350836873054504,-0.24696387350559235,0.25421908497810364,0,-0.2504507303237915,-0.9679408669471741,-0.01909378170967102,0,0.6684079766273499,1.4949359893798828,-0.03617100045084953,1,0.9993050694465637,0.014823868870735168,-0.034202661365270615,0,0.008493822067975998,0.8028444051742554,0.5961284637451172,0,0.03629632294178009,-0.5960043668746948,0.8021601438522339,0,0,1.5037169456481934,0,1,0.8231493234634399,0.4547223448753357,0.3400769829750061,0,-0.49978435039520264,0.8644766211509705,0.05381215736269951,0,-0.2695190906524658,-0.21426066756248474,0.9388567805290222,0,0,3.3016510009765625,0,1,0.6792433261871338,-0.04482277110219002,-0.7325432300567627,0,-0.040310222655534744,0.9943479299545288,-0.09821929037570953,0,0.7328053712844849,0.09624379873275757,0.673597514629364,0,0,2.7329390048980713,0,1,0.8143228888511658,0.4371514916419983,-0.38180726766586304,0,-0.5164870619773865,0.8458943367004395,-0.13305997848510742,0,0.2648009955883026,0.30555203557014465,0.9146134257316589,0,-0.31367599964141846,0.46373501420021057,0,1,0.9741227030754089,0.11174749583005905,0.1964612901210785,0,-0.1446722000837326,0.9761074781417847,0.16212308406829834,0,-0.17365054786205292,-0.18635033071041107,0.9670156836509705,0,-0.06563899666070938,0.4430510103702545,0,1,0.9986954927444458,0.04813341051340103,0.017044413834810257,0,-0.05014023929834366,0.9875606894493103,0.14903198182582855,0,-0.009658969938755035,-0.14969205856323242,0.988685131072998,0,0.0031789999920874834,0.48552098870277405,0,1,0.9874465465545654,0.15578632056713104,-0.026076069101691246,0,-0.15735845267772675,0.9845452308654785,-0.07686708122491837,0,0.013698237016797066,0.0800054669380188,0.996700644493103,0,0,0.9771119952201843,0,1,0.996201753616333,-0.08707074820995331,-0.00040952625568024814,0,0.08699731528759003,0.9951452016830444,0.046022046357393265,0,-0.0035996362566947937,-0.045882876962423325,0.9989404678344727,0,0.05210400000214577,0.5617660284042358,0,1,0.9933953881263733,0.11474297940731049,-0.00060423364629969,0,-0.11438201367855072,0.9906611442565918,0.07421275973320007,0,0.0091139767318964,-0.073653444647789,0.9972419738769531,0,-0.029978999868035316,0.5294229984283447,0,1,0.3539169728755951,0.10398193448781967,0.9294784069061279,0,-0.9091152548789978,-0.19516293704509735,0.3679964244365692,0,0.21966464817523956,-0.9752429127693176,0.025460081174969673,0,-0.6684079766273499,1.4984140396118164,-0.058591000735759735,1,0.8287776112556458,0.5305614471435547,0.17785762250423431,0,-0.5021895170211792,0.564999520778656,0.6546609997749329,0,0.24684830009937286,-0.6318863034248352,0.7347010374069214,0,0,1.5037169456481934,0,1,0.6533080339431763,-0.7200896739959717,-0.23379479348659515,0,0.7466210722923279,0.6639665961265564,0.04130997508764267,0,0.1254849135875702,-0.20154404640197754,0.9714078903198242,0,0,3.307734966278076,0,1,0.4760540723800659,-0.47685185074806213,0.7389086484909058,0,0.6066610813140869,0.7863594889640808,0.11662270128726959,0,-0.6366593837738037,0.39274829626083374,0.6636368036270142,0,0,2.741194009780884,0,1,0.43321284651756287,-0.2659110724925995,0.8611721396446228,0,0.6425880193710327,0.7611140608787537,-0.08823874592781067,0,-0.6319869160652161,0.5916053056716919,0.5005959272384644,0,0.31780698895454407,0.5204169750213623,0,1,0.9795439839363098,-0.046071719378232956,-0.19588704407215118,0,0.08716729283332825,0.9745169281959534,0.20668300986289978,0,0.1813729703426361,-0.21953000128269196,0.9585980176925659,0,0.08337199687957764,0.4806489944458008,0,1,0.9961389899253845,0.04261591657996178,-0.07675889134407043,0,0.0026929164305329323,0.859049916267395,0.5118849873542786,0,0.08775412291288376,-0.5101150274276733,0.8556180000305176,0,0.015426999889314175,0.47726699709892273,0,1,0.7743802666664124,-0.6304057240486145,0.054070599377155304,0,0.5748302340507507,0.7366657853126526,0.3562220633029938,0,-0.26439642906188965,-0.24476997554302216,0.9328359961509705,0,0,1.004459023475647,0,1,0.6725078821182251,-0.705219030380249,-0.22449636459350586,0,0.6813068985939026,0.4714490473270416,0.5599619746208191,0,-0.28905731439590454,-0.529529869556427,0.7975239157676697,0,-0.05621400102972984,0.588358998298645,0,1,0.6291584372520447,-0.7534566521644592,-0.1909525990486145,0,0.7146593332290649,0.4641406536102295,0.5232927203178406,0,-0.30564960837364197,-0.4657002091407776,0.8304830193519592,0,0.03230699896812439,0.5530980229377747,0,1,-0.6571831107139587,0.04396902024745941,0.7524479627609253,0,0.5700696706771851,-0.6240805387496948,0.5343629717826843,0,0.49308323860168457,0.7801216244697571,0.38506945967674255,0,1.0144129991531372,-0.6594070196151733,-0.17839199304580688,1,0.9391475319862366,-0.20783044397830963,-0.27351081371307373,0,-0.06302232295274734,0.6784568428993225,-0.7319318652153015,0,0.33768323063850403,0.7046298384666443,0.6240735650062561,0,0,5.199635982513428,0,1,0.9953812956809998,-0.08248859643936157,0.049102965742349625,0,0.007481812499463558,0.5766090750694275,0.8169856071472168,0,-0.09570527821779251,-0.8128454089164734,0.5745634436607361,0,0,5.087769031524658,0,1,0.9906880855560303,-0.07935405522584915,0.11063708364963531,0,-0.0018020390998572111,0.8048808574676514,0.5934340953826904,0,-0.13614094257354736,-0.5881068706512451,0.7972421646118164,0,0,1.9792859554290771,0,1,-0.9166347980499268,0.32525721192359924,-0.23235473036766052,0,-0.39954307675361633,-0.7631059288978577,0.5079706907272339,0,-0.01209015678614378,0.5584595799446106,0.829444169998169,0,-1.0144129991531372,-0.6594070196151733,-0.1146169975399971,1,0.9940080642700195,-0.04979269579052925,0.09731090068817139,0,0.10903619974851608,0.5146400928497314,-0.8504447340965271,0,-0.0077341594733297825,0.8559596538543701,0.5169857740402222,0,0,5.200582981109619,0,1,0.9425461292266846,0.32057100534439087,0.09402617067098618,0,-0.11877472698688507,0.05849623307585716,0.9911968111991882,0,0.31224876642227173,-0.9454166889190674,0.09321112930774689,0,0,5.092588901519775,0,1,0.9829140305519104,0.05490485578775406,-0.1756836324930191,0,0.0538218654692173,0.827023983001709,0.5595848560333252,0,0.1760183870792389,-0.5594791173934937,0.8099378943443298,0,0,1.9834200143814087,0,1
K0.067,0.649013876914978,0.061389241367578506,0.7582958936691284,0,-0.14660203456878662,0.9881495833396912,0.04547698423266411,0,-0.7465180158615112,-0.14068293571472168,0.6503227353096008,0,-0.18584789335727692,10.19813060760498,-0.053883787244558334,1,0.9979881048202515,-0.02725890837609768,-0.05724216252565384,0,0.02920636348426342,0.9990134239196777,0.03346461057662964,0,0.0562734492123127,-0.03506910055875778,0.9977990984916687,0,0,1.1871720552444458,-0.18419000506401062,1,0.9921006560325623,-0.049342215061187744,-0.11533146351575851,0,0.060418158769607544,0.9936796426773071,0.0946015939116478,0,0.10993478447198868,-0.10082252323627472,0.9888123869895935,0,0,1.4016029834747314,0,1,0.99209064245224,-0.04920552298426628,-0.11547631770372391,0,0.03637944161891937,0.993192195892334,-0.11066196858882904,0,0.1201353371143341,0.10558571666479111,0.9871265888214111,0,0,1.6018329858779907,0,1,0.9846202731132507,0.015171492472290993,-0.1740494668483734,0,0.016221364960074425,0.9839804172515869,0.1775376796722412,0,0.17395475506782532,-0.1776304990053177,0.968600869178772,0,0,1.8020609617233276,0,1,0.9155300855636597,-0.09159546345472336,-0.39168286323547363,0,0.05759764462709427,0.9935466051101685,-0.09771166741847992,0,0.3981049656867981,0.0668979287147522,0.9148970246315002,0,0,0.876151978969574,0.3483310043811798,1,0.243824303150177,-0.04670276120305061,-0.9686946868896484,0,0.9350976943969727,-0.2535567283630371,0.24759234488010406,0,-0.2571820318698883,-0.9661924839019775,-0.01815168932080269,0,0.6684079766273499,1.4949359893798828,-0.03617100045084953,1,0.999281644821167,0.007968628779053688,-0.037053611129522324,0,0.01568506844341755,0.8030507564544678,0.5957048535346985,0,0.03450286388397217,-0.5958577990531921,0.8023484945297241,0,0,1.5037169456481934,0,1,0.8212175369262695,0.45807406306266785,0.34025052189826965,0,-0.5035402774810791,0.8622521758079529,0.054491426795721054,0,-0.26842039823532104,-0.21607893705368042,0.9387544989585876,0,0,3.3016510009765625,0,1,0.6789422631263733,-0.027335232123732567,-0.7336830496788025,0,-0.03813070058822632,0.9966449737548828,-0.07241827249526978,0,0.7332010269165039,0.07714366912841797,0.6756219863891602,0,0,2.7329390048980713,0,1,0.8244324326515198,0.4308341443538666,-0.36700502038002014,0,-0.506899356842041,0.8505197763442993,-0.14024686813354492,0,0.2517220079898834,0.3016588091850281,0.9195860624313354,0,-0.31367599964141846,0.46373501420021057,0,1,0.9729152321815491,0.11981978267431259,0.19768579304218292,0,-0.15088164806365967,0.9770495891571045,0.15036576986312866,0,-0.1751319020986557,-0.17612017691135406,0.9686644077301025,0,-0.06563899666070938,0.4430510103702545,0,1,0.9987353086471558,0.047299791127443314,0.01706644706428051,0,-0.04932934418320656,0.987446129322052,0.1500582993030548,0,-0.009754464030265808,-0.15071026980876923,0.9885297417640686,0,0.0031789999920874834,0.48552098870277405,0,1,0.9879761338233948,0.15227757394313812,-0.02675158716738224,0,-0.15404996275901794,0.9842590093612671,-0.08661579340696335,0,0.013140846975147724,0.08969539403915405,0.9958825707435608,0,0,0.9771119952201843,0,1,0.9956681728363037,-0.0929807797074318,-0.00041689665522426367,0,0.09291759133338928,0.9948050379753113,0.041583675891160965,0,-0.0034517510794103146,-0.04144226759672165,0.9991350769996643,0,0.05210400000214577,0.5617660284042358,0,1,0.9945249557495117,0.10449817031621933,-0.0009841455612331629,0,-0.10420187562704086,0.992331326007843,0.06649087369441986,0,0.007924768142402172,-0.06602424383163452,0.9977864027023315,0,-0.029978999868035316,0.5294229984283447,0,1,0.3456631302833557,0.09789615869522095,0.9332383871078491,0,-0.9165512919425964,-0.1779433637857437,0.3581485450267792,0,0.20112477242946625,-0.9791586995124817,0.02821837179362774,0,-0.6684079766273499,1.4984140396118164,-0.058591000735759735,1,0.8350104093551636,0.5240462422370911,0.167727991938591,0,-0.487064003944397,0.5621545910835266,0.6683946251869202,0,0.25598055124282837,-0.6398105621337891,0.7246488928794861,0,0,1.5037169456481934,0,1,0.6520494818687439,-0.720978856086731,-0.23456420004367828,0,0.7476391196250916,0.6628420948982239,0.040937863290309906,0,0.12596367299556732,-0.20206288993358612,0.97123783826828,0,0,3.307734966278076,0,1,0.45752325654029846,-0.5003575086593628,0.7350609302520752,0,0.6236684918403625,0.7698003053665161,0.1358153074979782,0,-0.6338064074516296,0.3962957561016083,0.6642588376998901,0,0,2.741194009780884,0,1,0.43321341276168823,-0.26590999960899353,0.8611718416213989,0,0.6425880193710327,0.7611140012741089,-0.08824017643928528,0,-0.6319864392280579,0.5916059017181396,0.50059574842453,0,0.31780698895454407,0.5204169750213623,0,1,0.979543924331665,-0.046072088181972504,-0.19588708877563477,0,0.08716786652803421,0.9745169878005981,0.206683948636055,0,0.18137289583683014,-0.21953104436397552,0.9585980772972107,0,0.08337199687957764,0.4806489944458008,0,1,0.9961389899253845,0.04261591657996178,-0.07675889134407043,0,0.0026929164305329323,0.859049916267395,0.5118849873542786,0,0.08775412291288376,-0.5101150274276733,0.8556180000305176,0,0.015426999889314175,0.47726699709892273,0,1,0.7743802666664124,-0.6304057240486145,0.054070599377155304,0,0.5748302340507507,0.7366657853126526,0.3562220633029938,0,-0.26439642906188965,-0.24476997554302216,0.9328359961509705,0,0,1.004459023475647,0,1,0.6725077629089355,-0.7052192091941833,-0.22449597716331482,0,0.681306779384613,0.47144922614097595,0.5599611401557922,0,-0.2890569567680359,-0.5295289158821106,0.7975240349769592,0,-0.05621400102972984,0.588358998298645,0,1,0.6291587948799133,-0.753456175327301,-0.19095183908939362,0,0.7146587371826172,0.46414127945899963,0.5232928991317749,0,-0.3056498169898987,-0.4657000005245209,0.830483078956604,0,0.03230699896812439,0.5530980229377747,0,1,-0.6583382487297058,0.04651684686541557,0.7512831687927246,0,0.569090723991394,-0.6225113868713379,0.5372295379638672,0,0.49267247319221497,0.7812269330024719,0.38335075974464417,0,1.0144129991531372,-0.6594070196151733,-0.17839199304580688,1,0.9424829483032227,-0.20511667430400848,-0.26391762495040894,0,-0.05516670644283295,0.6832902431488037,-0.7280601263046265,0,0.32966962456703186,0.7007437348365784,0.6326737999916077,0,0,5.199635982513428,0,1,0.9954261779785156,-0.0865543857216835,0.040435317903757095,0,0.01797470450401306,0.5853844881057739,0.810556173324585,0,-0.09382744878530502,-0.806122362613678,0.584263026714325,0,0,5.087769031524658,0,1,0.9906880259513855,-0.07935412228107452,0.11063749343156815,0,-0.0018021359574049711,0.8048808574676514,0.5934332013130188,0,-0.13614143431186676,-0.5881068706512451,0.7972432374954224,0,0,1.9792859554290771,0,1,-0.9176640510559082,0.3265775144100189,-0.2263605296611786,0,-0.39735278487205505,-0.7518243789672852,0.5261846780776978,0,0.0016567353159189224,0.572806179523468,0.8196893334388733,0,-1.0144129991531372,-0.6594070196151733,-0.1146169975399971,1,0.9938335418701172,-0.05389851704239845,0.09690134227275848,0,0.11087963730096817,0.48934632539749146,-0.8650122880935669,0,-0.0007954303291626275,0.8704223036766052,0.49230486154556274,0,0,5.200582981109619,0,1,0.9433027505874634,0.3191973865032196,0.09106022864580154,0,-0.11117250472307205,0.045325372368097305,0.9927670955657959,0,0.3127615749835968,-0.9466041326522827,0.07824159413576126,0,0,5.092588901519775,0,1,0.9829139709472656,0.05490439385175705,-0.17568370699882507,0,0.05382236838340759,0.8270230293273926,0.5595849752426147,0,0.17601826786994934,-0.5594799518585205,0.8099379539489746,0,0,1.9834200143814087,0,1
K0.101,0.6407110691070557,0.07117561995983124,0.7644756436347961,0,-0.15926338732242584,0.9863574504852295,0.04164581000804901,0,-0.7510820031166077,-0.14843592047691345,0.6433057188987732,0,-0.21952266991138458,10.165223121643066,-0.13674169778823853,1,0.9979100227355957,-0.028417686000466347,-0.05804523453116417,0,0.030378874391317368,0.9989869594573975,0.03318936377763748,0,0.057043250650167465,-0.03488333895802498,0.9977620840072632,0,0,1.1871720552444458,-0.18419000506401062,1,0.9920027256011963,-0.05085023492574692,-0.1155209168791771,0,0.061913829296827316,0.9936173558235168,0.0942947193980217,0,0.10998866707086563,-0.10069295018911362,0.9888193011283875,0,0,1.4016029834747314,0,1,0.9919897317886353,-0.050580818206071854,-0.11575158685445786,0,0.037657223641872406,0.9930808544158936,-0.11123188585042953,0,0.12057681381702423,0.10598194599151611,0.9870302677154541,0,0,1.6018329858779907,0,1,0.9829109311103821,0.009725503623485565,-0.18382525444030762,0,0.020890843123197556,0.9862585663795471,0.1638822704553604,0,0.1828930526971817,-0.16492192447185516,0.9692010283470154,0,0,1.8020609617233276,0,1,0.9128555655479431,-0.09536050260066986,-0.3969894349575043,0,0.061756737530231476,0.9934033155441284,-0.09661833941936493,0,0.40358448028564453,0.06368185579776764,0.9127234816551208,0,0,0.876151978969574,0.3483310043811798,1,0.2399204969406128,-0.04729931801557541,-0.9696391224861145,0,0.9348800778388977,-0.2578980028629303,0.24390028417110443,0,-0.2616046369075775,-0.9650141000747681,-0.017655812203884125,0,0.6684079766273499,1.4949359893798828,-0.03617100045084953,1,0.9991792440414429,-0.001254958682693541,-0.04048841819167137,0,0.025073353201150894,0.8041936159133911,0.593837559223175,0,0.0318153090775013,-0.5943657159805298,0.8035655617713928,0,0,1.5037169456481934,0,1,0.8198208212852478,0.4602787494659424,0.34064242243766785,0,-0.505573570728302,0.8611440658569336,0.05317428708076477,0,-0.268867164850235,-0.21581315994262695,0.9386885166168213,0,0,3.3016510009765625,0,1,0.6748839020729065,-0.0007464771624654531,-0.7379236817359924,0,-0.040749091655015945,0.9984354972839355,-0.038277965039014816,0,0.7367978692054749,0.05590290576219559,0.6737976670265198,0,0,2.7329390048980713,0,1,0.838428258895874,0.4217463731765747,-0.34520643949508667,0,-0.4930368661880493,0.8568723797798157,-0.15061479806900024,0,0.23227670788764954,0.2964792847633362,0.9263628125190735,0,-0.31367599964141846,0.46373501420021057,0,1,0.9711423516273499,0.13110686838626862,0.19923368096351624,0,-0.1595345139503479,0.9780524969100952,0.1340201199054718,0,-0.17729009687900543,-0.16193731129169464,0.9707445502281189,0,-0.06563899666070938,0.4430510103702545,0,1,0.9988312125205994,0.04519835487008095,0.017122045159339905,0,-0.04728633910417557,0.9871500134468079,0.15264037251472473,0,-0.010002931579947472,-0.1532716006040573,0.9881333708763123,0,0.0031789999920874834,0.48552098870277405,0,1,0.9884569644927979,0.14891426265239716,-0.02787037566304207,0,-0.15097227692604065,0.9835440516471863,-0.09924038499593735,0,0.012633437290787697,0.10230252891778946,0.9946732521057129,0,0,0.9771119952201843,0,1,0.9950447082519531,-0.09942701458930969,-0.0003941310860682279,0,0.09937427192926407,0.9943711757659912,0.03673834353685379,0,-0.003260872093960643,-0.03659546747803688,0.9993245005607605,0,0.05210400000214577,0.5617660284042358,0,1,0.9958635568618774,0.09084999561309814,-0.00136078882496804,0,-0.09062913805246353,0.9942871332168579,0.05638450011610985,0,0.00647554500028491,-0.056027933955192566,0.9984078407287598,0,-0.029978999868035316,0.5294229984283447,0,1,0.3373807370662689,0.09207715094089508,0.9368547201156616,0,-0.9236941933631897,-0.15956032276153564,0.3483234941959381,0,0.18155746161937714,-0.9828847646713257,0.031218556687235832,0,-0.6684079766273499,1.4984140396118164,-0.058591000735759735,1,0.8432456851005554,0.5141236186027527,0.1568858027458191,0,-0.46853888034820557,0.5599666833877563,0.6833076477050781,0,0.2634536325931549,-0.6497030258178711,0.713076114654541,0,0,1.5037169456481934,0,1,0.6528351902961731,-0.719548225402832,-0.23676292598247528,0,0.7462111711502075,0.6646440625190735,0.037630271166563034,0,0.13028627634048462,-0.20124150812625885,0.9708380103111267,0,0,3.307734966278076,0,1,0.4479891061782837,-0.524340808391571,0.724136471748352,0,0.6365241408348083,0.7558268308639526,0.15350008010864258,0,-0.6278076171875,0.3921636641025543,0.6723572611808777,0,0,2.741194009780884,0,1,0.4332139492034912,-0.26591020822525024,0.8611720204353333,0,0.6425879001617432,0.7611141204833984,-0.08824028819799423,0,-0.6319863796234131,0.5916057825088501,0.5005960464477539,0,0.31780698895454407,0.5204169750213623,0,1,0.9795439839363098,-0.04607114940881729,-0.1958870142698288,0,0.087166927754879,0.9745169878005981,0.20668403804302216,0,0.1813730150461197,-0.21953096985816956,0.9585980772972107,0,0.08337199687957764,0.4806489944458008,0,1,0.9961389899253845,0.04261591657996178,-0.07675889134407043,0,0.0026929164305329323,0.859049916267395,0.5118849873542786,0,0.08775412291288376,-0.5101150274276733,0.8556180000305176,0,0.015426999889314175,0.47726699709892273,0,1,0.7743809819221497,-0.6304061412811279,0.05407077074050903,0,0.5748300552368164,0.7366657853126526,0.3562214970588684,0,-0.26439622044563293,-0.24476958811283112,0.93283611536026,0,0,1.004459023475647,0,1,0.672508180141449,-0.7052187919616699,-0.2244960516691208,0,0.6813061833381653,0.47144919633865356,0.5599614977836609,0,-0.28905701637268066,-0.5295293927192688,0.7975236773490906,0,-0.05621400102972984,0.588358998298645,0,1,0.6291583180427551,-0.7534567713737488,-0.1909521073102951,0,0.7146592140197754,0.4641406238079071,0.5232929587364197,0,-0.30565011501312256,-0.4656999707221985,0.8304830193519592,0,0.03230699896812439,0.5530980229377747,0,1,-0.6594029068946838,0.04509197920560837,0.7504369020462036,0,0.5689767599105835,-0.6225029230117798,0.5373600721359253,0,0.49137958884239197,0.7813176512718201,0.384823739528656,0,1.0144129991531372,-0.6594070196151733,-0.17839199304580688,1,0.9485255479812622,-0.19522835314273834,-0.24936933815479279,0,-0.048062603920698166,0.6895414590835571,-0.7226495146751404,0,0.3130320608615875,0.6974365711212158,0.6446642279624939,0,0,5.199635982513428,0,1,0.994789719581604,-0.0959373489022255,0.03449216112494469,0,0.029260344803333282,0.5927680730819702,0.8048408627510071,0,-0.09766019135713577,-0.7996384501457214,0.5924869179725647,0,0,5.087769031524658,0,1,0.9906879663467407,-0.07935313135385513,0.11063624918460846,0,-0.0018021352589130402,0.8048810958862305,0.5934328436851501,0,-0.13613976538181305,-0.5881061553955078,0.7972428798675537,0,0,1.9792859554290771,0,1,-0.9194140434265137,0.3276410400867462,-0.21755293011665344,0,-0.39279720187187195,-0.7372692823410034,0.5496757626533508,0,0.01970125548541546,0.5908339023590088,0.8065524697303772,0,-1.0144129991531372,-0.6594070196151733,-0.1146169975399971,1,0.9936524629592896,-0.05442999303340912,0.09844693541526794,0,0.11247718334197998,0.4665779173374176,-0.8772990107536316,0,0.0018182131461799145,0.8828035593032837,0.46973854303359985,0,0,5.200582981109619,0,1,0.9451255798339844,0.31428974866867065,0.08921527862548828,0,-0.1058456301689148,0.0362154096364975,0.9937230348587036,0,0.3090859055519104,-0.9486358761787415,0.06749428808689117,0,0,5.092588901519775,0,1,0.9829139709472656,0.05490461736917496,-0.17568308115005493,0,0.053821612149477005,0.827023983001709,0.5595840811729431,0,0.17601799964904785,-0.5594789385795593,0.8099390268325806,0,0,1.9834200143814087,0,1
