2.367,30,72,41
B0,mixamorig_Hips,-1,0.9520429968833923,-0.06425700336694717,0.29913899302482605,0,0.0005959999980404973,0.978085994720459,0.20820200443267822,0,-0.3059619963169098,-0.1980389952659607,0.9312180280685425,0,0.013093999586999416,10.901928901672363,0.022043000906705856,1
B1,mixamorig_Spine,0,0.9998760223388672,0.00646300008520484,-0.01438899990171194,0,-0.005524999927729368,0.9979150295257568,0.06429699808359146,0,0.014774000272154808,-0.06420999765396118,0.9978269934654236,0,0,1.2427419424057007,-0.1856590062379837,1
B2,mixamorig_Spine1,1,0.9999369978904724,-0.008314000442624092,-0.007602000143378973,0,0.009368999861180782,0.9884380102157593,0.15133599936962128,0,0.006256000138819218,-0.15139800310134888,0.9884529709815979,0,0,1.4659559726715088,0,1
B3,mixamorig_Spine2,2,0.9999060034751892,-0.008148999884724617,-0.010990000329911709,0,0.009716999717056751,0.9884629845619202,0.1511469930410385,0,0.009631000459194183,-0.1512400060892105,0.9884499907493591,0,0,1.6753770112991333,0,1
B4,mixamorig_Neck,3,0.9964529871940613,-0.06306199729442596,-0.05571400001645088,0,0.06617800146341324,0.9962369799613953,0.055966999381780624,0,0.05197500064969063,-0.0594559982419014,0.9968770146369934,0,0,1.8847999572753906,0,1
B5,mixamorig_Head,4,0.9806140065193176,-0.09434600174427032,-0.17174099385738373,0,0.030426999554038048,0.9391400218009949,-0.34218600392341614,0,0.193572998046875,0.33032599091529846,0.923803985118866,0,0,0.855912983417511,0.3470599949359894,1
B6,mixamorig_HeadTop_End,5,1,0,0,0,0,1,0,0,0,0,1,0,0,2.8392999172210693,1.1512919664382935,1
B7,mixamorig_LeftShoulder,3,0.14687399566173553,0.04709399864077568,-0.9880340099334717,0,0.9109669923782349,-0.39566799998283386,0.1165589988231659,0,-0.3854439854621887,-0.9171850085258484,-0.10101400315761566,0,0.652642011642456,1.576030969619751,-0.03514900058507919,1
B8,mixamorig_LeftArm,7,0.927482008934021,0.3059859871864319,0.21482700109481812,0,-0.37373098731040955,0.743166983127594,0.5550029873847961,0,0.01017099991440773,-0.5950430035591125,0.803629994392395,0,0,1.451390027999878,0,1
B9,mixamorig_LeftForeArm,8,0.08694799989461899,0.9939640164375305,-0.06690099835395813,0,-0.992900013923645,0.0809909999370575,-0.08711700141429901,0,-0.08117300271987915,0.07400000095367432,0.9939489960670471,0,0,3.2703590393066406,0,1
B10,mixamorig_LeftHand,9,0.10989800095558167,-0.3872630000114441,-0.915395975112915,0,0.5253790020942688,0.8044329881668091,-0.2772449851036072,0,0.8437409996986389,-0.4504610002040863,0.2918649911880493,0,0,2.8214590549468994,0,1
B11,mixamorig_LeftHandThumb1,10,0.8768010139465332,0.4696199893951416,-0.10333199799060822,0,-0.3965499997138977,0.8277300000190735,0.3970029950141907,0,0.2719709873199463,-0.3071169853210449,0.911981999874115,0,-0.3050509989261627,0.43549299240112305,0,1
B12,mixamorig_LeftHandThumb2,11,0.928255021572113,-0.29290398955345154,0.22923800349235535,0,0.1290609985589981,0.8316779732704163,0.5400509834289551,0,-0.3488360047340393,-0.47171899676322937,0.8098120093345642,0,-0.06800000369548798,0.4198940098285675,0,1
B13,mixamorig_LeftHandThumb3,12,0.982807993888855,-0.024630999192595482,0.18298199772834778,0,-0.007321999873965979,0.9850819706916809,0.17193199694156647,0,-0.1844870001077652,-0.17031599581241608,0.9679650068283081,0,-0.004792999941855669,0.4857949912548065,0,1
B14,mixamorig_LeftHandThumb4,13,1,0,0,0,0,1,0,0,0,0,1,0,0.07279200106859207,0.44150298833847046,0,1
B15,mixamorig_LeftHandIndex1,10,0.958791971206665,0.2840610146522522,-0.0052999998442828655,0,-0.27699699997901917,0.9387739896774292,0.2048809975385666,0,0.06317400187253952,-0.1949699968099594,0.9787729978561401,0,0,0.9967560172080994,0,1
B16,mixamorig_LeftHandIndex2,15,0.9982320070266724,0.056446000933647156,0.01859699934720993,0,-0.05923600122332573,0.9703099727630615,0.2345000058412552,0,-0.004807999823242426,-0.23518699407577515,0.9719380140304565,0,0.060189999639987946,0.5512700080871582,0,1
B17,mixamorig_LeftHandIndex3,16,0.995514988899231,0.09455700218677521,-0.002968000015243888,0,-0.09353700280189514,0.9885050058364868,0.11877799779176712,0,0.014165000058710575,-0.11796800047159195,0.9929159879684448,0,-0.026318000629544258,0.4993000030517578,0,1
B18,mixamorig_LeftHandIndex4,17,1,0,0,0,0,1,0,0,0,0,1,0,-0.033872999250888824,0.5011600255966187,0,1
B19,mixamorig_RightShoulder,3,0.24564500153064728,-0.0946739986538887,0.9647250175476074,0,-0.8985180258750916,-0.3957050144672394,0.1899549961090088,0,0.3637630045413971,-0.9134849905967712,-0.18226900696754456,0,-0.652642011642456,1.5792399644851685,-0.05662799999117851,1
B20,mixamorig_RightArm,19,0.8954740166664124,-0.4418259859085083,0.05400799959897995,0,0.3468320071697235,0.7686460018157959,0.5374860167503357,0,-0.2789880037307739,-0.46257299184799194,0.8415420055389404,0,0,1.451390027999878,0,1
B21,mixamorig_RightForeArm,20,0.07218600064516068,-0.995976984500885,0.05310000106692314,0,0.9952430129051208,0.06843700259923935,-0.06933300197124481,0,0.065420001745224,0.05785199999809265,0.9961789846420288,0,0,3.2765069007873535,0,1
B22,mixamorig_RightHand,21,0.30750399827957153,0.23665699362754822,0.9216480255126953,0,0.0005510000046342611,0.968533992767334,-0.24887999892234802,0,-0.9515470266342163,0.07703900337219238,0.2976979911327362,0,0,2.8292040824890137,0,1
B23,mixamorig_RightHandThumb1,22,0.9072129726409912,-0.38004499673843384,0.18035900592803955,0,0.32467299699783325,0.9051889777183533,0.274262011051178,0,-0.26749199628829956,-0.1902559995651245,0.9445899724960327,0,0.32116401195526123,0.5079699754714966,0,1
B24,mixamorig_RightHandThumb2,23,0.9997820258140564,-0.019845999777317047,-0.00648299977183342,0,0.02085999958217144,0.936680018901825,0.34956398606300354,0,-0.0008650000090710819,-0.3496229946613312,0.9368900060653687,0,0.08328499644994736,0.4735170006752014,0,1
B25,mixamorig_RightHandThumb3,24,0.9894779920578003,-0.1439650058746338,-0.014403999783098698,0,0.1446480005979538,0.9865480065345764,0.07615499943494797,0,0.0032470000442117453,-0.07743699848651886,0.9969919919967651,0,-0.002070999937132001,0.4775800108909607,0,1
B26,mixamorig_RightHandThumb4,25,1,0,0,0,0,1,0,0,0,0,1,0,-0.08121500164270401,0.3971160054206848,0,1
B27,mixamorig_RightHandIndex1,22,0.9245120286941528,-0.3811360001564026,-0.0036780000664293766,0,0.368369996547699,0.8909839987754822,0.26542600989341736,0,-0.09788600355386734,-0.24674400687217712,0.9641240239143372,0,0,1.0201549530029297,0,1
B28,mixamorig_RightHandIndex2,27,0.9936619997024536,0.11240500211715698,-0.00005900000178371556,0,-0.11174000054597855,0.9878349900245667,0.10815100371837616,0,0.01221499964594841,-0.10745900124311447,0.9941340088844299,0,-0.07540299743413925,0.5894140005111694,0,1
B29,mixamorig_RightHandIndex3,28,0.9937649965286255,-0.11133100092411041,-0.005975000094622374,0,0.11149100214242935,0.992264986038208,0.05458199977874756,0,-0.00014800000644754618,-0.05490799993276596,0.9984909892082214,0,0.0557279996573925,0.5480239987373352,0,1
B30,mixamorig_RightHandIndex4,29,1,0,0,0,0,1,0,0,0,0,1,0,0.019675999879837036,0.41751301288604736,0,1
B31,mixamorig_LeftUpLeg,0,-0.9468119740486145,-0.2084359973669052,0.24515600502490997,0,0.31986600160598755,-0.6927459836006165,0.6463660001754761,0,0.03510500118136406,0.6904039978981018,0.7225720286369324,0,1.022987961769104,-0.6898429989814758,-0.1812169998884201,1
B32,mixamorig_LeftLeg,31,0.9870139956474304,-0.014818999916315079,-0.1599469929933548,0,-0.09706799685955048,0.7383450269699097,-0.6674010157585144,0,0.12798599898815155,0.6742600202560425,0.7273190021514893,0,0,5.231299877166748,0,1
B33,mixamorig_LeftFoot,32,0.9779539704322815,-0.2069769948720932,-0.027699999511241913,0,0.11359699815511703,0.41599199175834656,0.9022449851036072,0,-0.17522099614143372,-0.8855010271072388,0.4303329885005951,0,0,4.76700496673584,0,1
B34,mixamorig_LeftToeBase,33,0.9827679991722107,-9.999999974752427e-7,0.1848450005054474,0,-0.10650099813938141,0.817333996295929,0.5662360191345215,0,-0.15108099579811096,-0.5761650204658508,0.8032490015029907,0,0,1.9788390398025513,0,1
B35,mixamorig_LeftToe_End,34,1,0,0,0,0,1,0,0,0,0,1,0,0,0.7514830231666565,0,1
B36,mixamorig_RightUpLeg,0,-0.9381020069122314,0.13714000582695007,-0.3180530071258545,0,-0.3035539984703064,-0.76773601770401,0.5643010139465332,0,-0.16679200530052185,0.6259179711341858,0.7618439793586731,0,-1.022987961769104,-0.6898429989814758,-0.09872400015592575,1
B37,mixamorig_RightLeg,36,0.9998430013656616,-0.01663699932396412,-0.0060720001347362995,0,0.006732999812811613,0.6742169857025146,-0.7385029792785645,0,0.016380000859498978,0.7383459806442261,0.674223005771637,0,0,5.234388828277588,0,1
B38,mixamorig_RightFoot,37,0.983663022518158,0.1765899956226349,-0.034961998462677,0,-0.03415500000119209,0.3737640082836151,0.926895022392273,0,0.17674799263477325,-0.9105579853057861,0.3736889958381653,0,0,4.769873142242432,0,1
B39,mixamorig_RightToeBase,38,0.982429027557373,0,-0.18663400411605835,0,0.10730300098657608,0.8181959986686707,0.5648379921913147,0,0.15270300209522247,-0.574940025806427,0.803820013999939,0,0,1.9828089475631714,0,1
B40,mixamorig_RightToe_End,39,1,0,0,0,0,1,0,0,0,0,1,0,0,0.7492420077323914,0,1
@34,0,1,2,3,4,5,7,8,9,10,11,12,13,15,16,17,19,20,21,22,23,24,25,27,28,29,31,32,33,34,36,37,38,39
K0.000,0.9520429372787476,-0.0642569363117218,0.29913896322250366,0,0.0005960566340945661,0.9780860543251038,0.2082020491361618,0,-0.3059619963169098,-0.1980389505624771,0.9312179684638977,0,0.013093999586999416,10.901928901672363,0.022043000906705856,1,0.999876081943512,0.006462973076850176,-0.014388724230229855,0,-0.005525026936084032,0.9979150295257568,0.06429722905158997,0,0.01477427501231432,-0.06420975923538208,0.9978269934654236,0,0,1.2427419424057007,-0.1856590062379837,1,0.9999369978904724,-0.008314034901559353,-0.007602057419717312,0,0.009368964470922947,0.9884379506111145,0.1513361930847168,0,0.006255943328142166,-0.15139780938625336,0.9884529709815979,0,0,1.4659559726715088,0,1,0.9999060034751892,-0.008149015717208385,-0.01098974235355854,0,0.009716982021927834,0.9884629845619202,0.15114717185497284,0,0.009631259366869926,-0.15123985707759857,0.9884499907493591,0,0,1.6753770112991333,0,1,0.9964529871940613,-0.06306219846010208,-0.05571402981877327,0,0.06617779284715652,0.9962369799613953,0.05596723034977913,0,0.051974982023239136,-0.05945577099919319,0.9968770742416382,0,0,1.8847999572753906,0,1,0.9806139469146729,-0.09434621036052704,-0.17174117267131805,0,0.030426792800426483,0.9391401410102844,-0.3421856462955475,0,0.19357280433177948,0.33032628893852234,0.9238038659095764,0,0,0.855912983417511,0.3470599949359894,1,0.14687398076057434,0.04709363356232643,-0.9880340099334717,0,0.9109671711921692,-0.3956677317619324,0.11655869334936142,0,-0.38544362783432007,-0.9171851873397827,-0.10101398080587387,0,0.652642011642456,1.576030969619751,-0.03514900058507919,1,0.9274818897247314,0.305986225605011,0.21482700109481812,0,-0.37373071908950806,0.7431669235229492,0.5550031661987305,0,0.010170998051762581,-0.5950427055358887,0.8036301732063293,0,0,1.451390027999878,0,1,0.08694785833358765,0.9939640760421753,-0.0669005960226059,0,-0.992900013923645,0.0809912234544754,-0.0871167927980423,0,-0.08117260038852692,0.07400021702051163,0.9939489960670471,0,0,3.2703590393066406,0,1,0.10989786684513092,-0.38726291060447693,-0.9153960347175598,0,0.5253790616989136,0.8044329285621643,-0.27724501490592957,0,0.8437409400939941,-0.4504610300064087,0.29186511039733887,0,0,2.8214590549468994,0,1,0.8768011331558228,0.4696199595928192,-0.10333166271448135,0,-0.3965499699115753,0.8277298808097839,0.39700329303741455,0,0.27197131514549255,-0.30711665749549866,0.911981999874115,0,-0.3050509989261627,0.43549299240112305,0,1,0.9282549619674683,-0.2929040193557739,0.2292383462190628,0,0.12906098365783691,0.8316780924797058,0.540050745010376,0,-0.34883567690849304,-0.47171926498413086,0.8098120093345642,0,-0.06800000369548798,0.4198940098285675,0,1,0.982807993888855,-0.024631408974528313,0.18298199772834778,0,-0.007322408724576235,0.9850819706916809,0.17193208634853363,0,-0.1844870150089264,-0.1703159213066101,0.9679650068283081,0,-0.004792999941855669,0.4857949912548065,0,1,0.9587920308113098,0.28406062722206116,-0.005299945827573538,0,-0.2769973576068878,0.9387739300727844,0.20488090813159943,0,0.0631740540266037,-0.19497010111808777,0.9787730574607849,0,0,0.9967560172080994,0,1,0.9982320070266724,0.056446097791194916,0.01859687641263008,0,-0.059235911816358566,0.9703100323677063,0.23450002074241638,0,-0.0048081232234835625,-0.23518697917461395,0.9719380140304565,0,0.060189999639987946,0.5512700080871582,0,1,0.995514988899231,0.09455697238445282,-0.0029679066501557827,0,-0.09353703260421753,0.9885050058364868,0.11877816915512085,0,0.014165094122290611,-0.11796782910823822,0.9929160475730896,0,-0.026318000629544258,0.4993000030517578,0,1,0.24564512073993683,-0.0946735218167305,0.9647250771522522,0,-0.8985183835029602,-0.39570456743240356,0.18995456397533417,0,0.36376261711120605,-0.9134851694107056,-0.1822689175605774,0,-0.652642011642456,1.5792399644851685,-0.05662799999117851,1,0.8954740166664124,-0.441825807094574,0.0540078729391098,0,0.3468320965766907,0.7686460018157959,0.5374858975410461,0,-0.2789880931377411,-0.46257299184799194,0.8415419459342957,0,0,1.451390027999878,0,1,0.07218644767999649,-0.9959768652915955,0.05309988930821419,0,0.9952429533004761,0.06843682378530502,-0.06933283060789108,0,0.06541988998651505,0.057852163910865784,0.9961789846420288,0,0,3.2765069007873535,0,1,0.3075040280818939,0.2366567999124527,0.9216480255126953,0,0.0005508158355951309,0.9685340523719788,-0.24887977540493011,0,-0.9515471458435059,0.07703924179077148,0.29769793152809143,0,0,2.8292040824890137,0,1,0.9072127342224121,-0.3800453245639801,0.18035946786403656,0,0.324672669172287,0.9051891565322876,0.27426186203956604,0,-0.26749154925346375,-0.19025617837905884,0.9445900321006775,0,0.32116401195526123,0.5079699754714966,0,1,0.9997820258140564,-0.01984594389796257,-0.006482963915914297,0,0.020860055461525917,0.936680018901825,0.34956392645835876,0,-0.0008649639203213155,-0.34962302446365356,0.9368900060653687,0,0.08328499644994736,0.4735170006752014,0,1,0.9894778728485107,-0.14396533370018005,-0.014404213055968285,0,0.14464767277240753,0.9865480661392212,0.07615488022565842,0,0.003246786305680871,-0.07743712514638901,0.9969919323921204,0,-0.002070999937132001,0.4775800108909607,0,1,0.9245120286941528,-0.38113608956336975,-0.0036781404633075,0,0.3683699369430542,0.890984058380127,0.26542583107948303,0,-0.09788614511489868,-0.24674415588378906,0.9641239643096924,0,0,1.0201549530029297,0,1,0.9936619400978088,0.11240529268980026,-0.00005898495510336943,0,-0.11173971742391586,0.9878350496292114,0.10815104097127914,0,0.012215014547109604,-0.10745896399021149,0.9941340088844299,0,-0.07540299743413925,0.5894140005111694,0,1,0.9937649965286255,-0.11133094131946564,-0.005974945146590471,0,0.11149106174707413,0.992264986038208,0.05458207428455353,0,-0.00014794498565606773,-0.05490792915225029,0.9984909892082214,0,0.0557279996573925,0.5480239987373352,0,1,-0.9468121528625488,-0.20843563973903656,0.24515590071678162,0,0.3198663592338562,-0.6927459836006165,0.6463658213615417,0,0.03510509431362152,0.6904042363166809,0.7225719094276428,0,1.022987961769104,-0.6898429989814758,-0.1812169998884201,1,0.9870139956474304,-0.014818808995187283,-0.15994685888290405,0,-0.09706780314445496,0.7383451461791992,-0.6674008965492249,0,0.1279861181974411,0.6742600202560425,0.7273188829421997,0,0,5.231299877166748,0,1,0.9779540300369263,-0.20697681605815887,-0.027699926868081093,0,0.11359716206789017,0.4159919321537018,0.9022449254989624,0,-0.17522092163562775,-0.885500967502594,0.43033307790756226,0,0,4.76700496673584,0,1,0.9827679991722107,-7.317875088119763e-7,0.18484529852867126,0,-0.10650072991847992,0.8173338174819946,0.5662361979484558,0,-0.1510806828737259,-0.5761647820472717,0.803249180316925,0,0,1.9788390398025513,0,1,-0.938102126121521,0.1371399164199829,-0.318052738904953,0,-0.30355408787727356,-0.7677359580993652,0.564301073551178,0,-0.16679227352142334,0.6259180307388306,0.7618439197540283,0,-1.022987961769104,-0.6898429989814758,-0.09872400015592575,1,0.9998430013656616,-0.016636522486805916,-0.006072022952139378,0,0.006733476184308529,0.6742169857025146,-0.7385029792785645,0,0.016379978507757187,0.7383460402488708,0.674223005771637,0,0,5.234388828277588,0,1,0.9836629629135132,0.17659011483192444,-0.034962017089128494,0,-0.03415488824248314,0.3737639784812927,0.9268950819969177,0,0.17674797773361206,-0.9105579853057861,0.37368908524513245,0,0,4.769873142242432,0,1,0.982429027557373,1.5254357776939287e-7,-0.18663379549980164,0,0.10730314254760742,0.8181959390640259,0.5648379325866699,0,0.1527032107114792,-0.574940025806427,0.803820013999939,0,0,1.9828089475631714,0,1
K0.033,0.9576370120048523,-0.06378418207168579,0.28082382678985596,0,0.00843588076531887,0.9809569716453552,0.19403989613056183,0,-0.28785285353660583,-0.1834508329629898,0.9399390816688538,0,0.007881928235292435,10.936037063598633,0.027639036998152733,1,0.9998520016670227,0.010356033220887184,-0.013719364069402218,0,-0.009433041326701641,0.997793972492218,0.0657130777835846,0,0.01436962652951479,-0.06557393819093704,0.997744083404541,0,0,1.2427419424057007,-0.1856590062379837,1,0.9999570250511169,-0.006096569821238518,-0.006984253879636526,0,0.007085385732352734,0.9884090423583984,0.15165208280086517,0,0.0059787374921143055,-0.15169492363929749,0.9884089827537537,0,0,1.4659559726715088,0,1,0.9999269247055054,-0.005920440424233675,-0.010549901984632015,0,0.00745051447302103,0.9884330034255981,0.15147171914577484,0,0.009531091898679733,-0.15153925120830536,0.9884049296379089,0,0,1.6753770112991333,0,1,0.9969239830970764,-0.05752192437648773,-0.05323518067598343,0,0.0603189617395401,0.9967970252037048,0.05251670256257057,0,0.050043780356645584,-0.055566221475601196,0.9972000122070312,0,0,1.8847999572753906,0,1,0.9813359975814819,-0.09232573956251144,-0.1686861217021942,0,0.0314822643995285,0.9425051212310791,-0.3327055275440216,0,0.18970483541488647,0.32118529081344604,0.9278208613395691,0,0,0.855912983417511,0.3470599949359894,1,0.14925211668014526,0.04882621392607689,-0.9875929355621338,0,0.9103310108184814,-0.39671388268470764,0.11796236783266068,0,-0.38603225350379944,-0.9166428446769714,-0.10365844517946243,0,0.652642011642456,1.576030969619751,-0.03514900058507919,1,0.9300491213798523,0.3101467192173004,0.19702333211898804,0,-0.36624324321746826,0.7393258810043335,0.565032958984375,0,0.029578687623143196,-0.5976670980453491,0.8011988401412964,0,0,1.451390027999878,0,1,0.09908822923898697,0.9928900003433228,-0.06596452742815018,0,-0.991845965385437,0.09321027249097824,-0.08690600097179413,0,-0.08013952523469925,0.07403799891471863,0.9940299987792969,0,0,3.2703590393066406,0,1,0.1109260842204094,-0.3869538903236389,-0.9154030680656433,0,0.505005955696106,0.8152539730072021,-0.28342416882514954,0,0.855958104133606,-0.43084490299224854,0.2858469486236572,0,0,2.8214590549468994,0,1,0.8739328384399414,0.47394317388534546,-0.10779136419296265,0,-0.39834097027778625,0.8254751563072205,0.3998936116695404,0,0.27850595116615295,-0.3065424859523773,0.9102008938789368,0,-0.3050509989261627,0.43549299240112305,0,1,0.9324979782104492,-0.2845518887042999,0.22243382036685944,0,0.12424877285957336,0.8310110569000244,0.5422018766403198,0,-0.339129775762558,-0.477965384721756,0.8102719187736511,0,-0.06800000369548798,0.4198940098285675,0,1,0.9835730791091919,-0.020826073363423347,0.17930364608764648,0,-0.010943266563117504,0.9846149682998657,0.17439225316047668,0,-0.18017718195915222,-0.17348989844322205,0.9682140350341797,0,-0.004792999941855669,0.4857949912548065,0,1,0.9603520631790161,0.2786996364593506,-0.00714898481965065,0,-0.2717849612236023,0.9416221380233765,0.1986994445323944,0,0.06210903823375702,-0.18887820839881897,0.9800339341163635,0,0,0.9967560172080994,0,1,0.9985880255699158,0.05015813559293747,0.017476944252848625,0,-0.05282353237271309,0.9722641110420227,0.2278425544500351,0,-0.005564047954976559,-0.22844408452510834,0.9735410213470459,0,0.060189999639987946,0.5512700080871582,0,1,0.9958119988441467,0.09136699140071869,-0.003109098644927144,0,-0.09040083736181259,0.989206075668335,0.11531885713338852,0,0.013611891306936741,-0.11455496400594711,0.9933240413665771,0,-0.026318000629544258,0.4993000030517578,0,1,0.24518775939941406,-0.0967671275138855,0.9646340608596802,0,-0.8985309600830078,-0.39630892872810364,0.18863022327423096,0,0.3640400171279907,-0.9130038022994995,-0.18411846458911896,0,-0.652642011642456,1.5792399644851685,-0.05662799999117851,1,0.8978109359741211,-0.4372861981391907,0.05212727561593056,0,0.343837708234787,0.7700151801109314,0.5374490022659302,0,-0.2751576900482178,-0.4646040201187134,0.8416830897331238,0,0,1.451390027999878,0,1,0.06127702817320824,-0.9966729283332825,0.05374610796570778,0,0.9959250092506409,0.05748382583260536,-0.06948883831501007,0,0.06616811454296112,0.057785164564847946,0.9961339831352234,0,0,3.2765069007873535,0,1,0.3197653889656067,0.23333686590194702,0.9183158874511719,0,0.008970015682280064,0.9684131145477295,-0.24918963015079498,0,-0.9474539756774902,0.08791950345039368,0.3075718581676483,0,0,2.8292040824890137,0,1,0.9068650603294373,-0.3808438777923584,0.18042725324630737,0,0.32434314489364624,0.9041128754615784,0.2781752347946167,0,-0.26906782388687134,-0.19374696910381317,0.9434320330619812,0,0.32116401195526123,0.5079699754714966,0,1,0.999779999256134,-0.020466018468141556,-0.0044939243234694,0,0.02073599584400654,0.9355449676513672,0.352599173784256,0,-0.003012034110724926,-0.35261496901512146,0.9357640743255615,0,0.08328499644994736,0.4735170006752014,0,1,0.9894731044769287,-0.14405862987041473,-0.013798096217215061,0,0.1446983814239502,0.9863969683647156,0.07799278944730759,0,0.002374866046011448,-0.07916829735040665,0.9968579411506653,0,-0.002070999937132001,0.4775800108909607,0,1,0.923613965511322,-0.38329505920410156,-0.004632791504263878,0,0.3704601228237152,0.8894510865211487,0.26764872670173645,0,-0.09846778213977814,-0.24892036616802216,0.9635049104690552,0,0,1.0201549530029297,0,1,0.9940920472145081,0.10853991657495499,-0.00011902273399755359,0,-0.10784686356782913,0.9878670573234558,0.11175065487623215,0,0.012246980331838131,-0.11107754707336426,0.9937359690666199,0,-0.07540299743413925,0.5894140005111694,0,1,0.9935489892959595,-0.11324416846036911,-0.00599559536203742,0,0.11340192705392838,0.9919469952583313,0.05639950558543205,0,-0.00043960261973552406,-0.05671558529138565,0.9983900189399719,0,0.0557279996573925,0.5480239987373352,0,1,-0.9459168314933777,-0.20612604916095734,0.2505042254924774,0,0.32120993733406067,-0.7032620906829834,0.6342297792434692,0,0.045438844710588455,0.6803929209709167,0.7314370274543762,0,1.022987961769104,-0.6898429989814758,-0.1812169998884201,1,0.9874429702758789,-0.016968930140137672,-0.1570599377155304,0,-0.091502845287323,0.7490132451057434,-0.6562067270278931,0,0.12877506017684937,0.6623380184173584,0.7380549907684326,0,0,5.231299877166748,0,1,0.9799269437789917,-0.19815631210803986,-0.021828072145581245,0,0.10724253952503204,0.43167924880981445,0.8956299424171448,0,-0.1680520474910736,-0.8799930214881897,0.4442650079727173,0,0,4.76700496673584,0,1,0.9827630519866943,-0.000045024095015833154,0.18486757576465607,0,-0.10652002692222595,0.8171737194061279,0.5664634704589844,0,-0.15109440684318542,-0.5763914585113525,0.8030832409858704,0,0,1.9788390398025513,0,1,-0.9387829899787903,0.14490094780921936,-0.312552809715271,0,-0.30128705501556396,-0.7852839827537537,0.5408838391304016,0,-0.16706813871860504,0.6019408106803894,0.7808681726455688,0,-1.022987961769104,-0.6898429989814758,-0.09872400015592575,1,0.9993100166320801,-0.030872030183672905,-0.02066841721534729,0,0.006014101207256317,0.6834070086479187,-0.7300129532814026,0,0.03666192293167114,0.7293849587440491,0.6831210851669312,0,0,5.234388828277588,0,1,0.9833679795265198,0.1783098429441452,-0.03452720865607262,0,-0.03559521958231926,0.37562909722328186,0.926085889339447,0,0.17809981107711792,-0.9094550609588623,0.37572893500328064,0,0,4.769873142242432,0,1,0.9824300408363342,6.688504186058708e-7,-0.18663381040096283,0,0.10730266571044922,0.8181957602500916,0.5648382306098938,0,0.152703195810318,-0.5749397873878479,0.8038191795349121,0,0,1.9828089475631714,0,1
K0.067,0.9624170064926147,-0.06333428621292114,0.2640869617462158,0,0.014936654828488827,0.9832989573478699,0.1813843697309494,0,-0.2711643874645233,-0.17062288522720337,0.9472899436950684,0,0.0008420678204856813,10.96675968170166,0.03136296197772026,1,0.9998160004615784,0.014012828469276428,-0.013089190237224102,0,-0.013103100471198559,0.9976549744606018,0.06717591732740402,0,0.013999820686876774,-0.06699204444885254,0.9976549744606018,0,0,1.2427419424057007,-0.1856590062379837,1,0.9999719858169556,-0.003945071715861559,-0.006417722441256046,0,0.00487497029826045,0.9883639216423035,0.15202699601650238,0,0.005743284709751606,-0.15205396711826324,0.9883549809455872,0,0,1.4659559726715088,0,1,0.9999410510063171,-0.0037571960128843784,-0.010160763747990131,0,0.00525684654712677,0.9883890151977539,0.1518552154302597,0,0.009472241625189781,-0.1518997699022293,0.9883509874343872,0,0,1.6753770112991333,0,1,0.9973499178886414,-0.05208481103181839,-0.05080094560980797,0,0.05457828566431999,0.9973070025444031,0.04899716377258301,0,0.04811209440231323,-0.05163990706205368,0.9975060224533081,0,0,1.8847999572753906,0,1,0.9820009469985962,-0.09067466855049133,-0.16568532586097717,0,0.032668326050043106,0.9455450177192688,-0.3238467872142792,0,0.18602775037288666,0.3126053810119629,0.9314888715744019,0,0,0.855912983417511,0.3470599949359894,1,0.1514592170715332,0.05048632621765137,-0.9871731400489807,0,0.9097287654876709,-0.3977145850658417,0.11923715472221375,0,-0.3865930736064911,-0.9161189794540405,-0.10616642981767654,0,0.652642011642456,1.576030969619751,-0.03514900058507919,1,0.9319799542427063,0.31470105051994324,0.17993636429309845,0,-0.359264999628067,0.7355520725250244,0.5743629336357117,0,0.04840000346302986,-0.5999389886856079,0.7985800504684448,0,0,1.451390027999878,0,1,0.11123254895210266,0.9916649460792542,-0.06502892076969147,0,-0.9906408786773682,0.10543335229158401,-0.08668369054794312,0,-0.07910492271184921,0.0740623027086258,0.9941109418869019,0,0,3.2703590393066406,0,1,0.11182740330696106,-0.38683682680130005,-0.9153429269790649,0,0.4846833646297455,0.8253588676452637,-0.28959453105926514,0,0.867512047290802,-0.41126686334609985,0.27979105710983276,0,0,2.8214590549468994,0,1,0.8662803769111633,0.48513153195381165,-0.11918877065181732,0,-0.40293335914611816,0.8195809125900269,0.4073478579521179,0,0.29530197381973267,-0.30485212802886963,0.9054619669914246,0,-0.3050509989261627,0.43549299240112305,0,1,0.9428309798240662,-0.2625288665294647,0.2052999883890152,0,0.11159946024417877,0.8291530013084412,0.5477698445320129,0,-0.31403040885925293,-0.4935428500175476,0.8110489249229431,0,-0.06800000369548798,0.4198940098285675,0,1,0.9853900074958801,-0.010932338424026966,0.16996125876903534,0,-0.02026115171611309,0.9833260178565979,0.1807187795639038,0,-0.1691029816865921,-0.18152207136154175,0.9687380194664001,0,-0.004792999941855669,0.4857949912548065,0,1,0.9641150832176208,0.26523202657699585,-0.011611192487180233,0,-0.2587093114852905,0.9484248757362366,0.18319615721702576,0,0.059601791203022,-0.1736181378364563,0.983008086681366,0,0,0.9967560172080994,0,1,0.9993079900741577,0.03411201387643814,0.014822853729128838,0,-0.036472294479608536,0.9768439531326294,0.21081919968128204,0,-0.007288155611604452,-0.2112141251564026,0.9774129986763,0,0.060189999639987946,0.5512700080871582,0,1,0.9965239763259888,0.08324197679758072,-0.0034176441840827465,0,-0.0824061706662178,0.9908909797668457,0.10650702565908432,0,0.012252364307641983,-0.10585513710975647,0.9943060278892517,0,-0.026318000629544258,0.4993000030517578,0,1,0.2448277622461319,-0.09893235564231873,0.9645059704780579,0,-0.8985647559165955,-0.39682140946388245,0.18738622963428497,0,0.3641982078552246,-0.9125488996505737,-0.18605011701583862,0,-0.652642011642456,1.5792399644851685,-0.05662799999117851,1,0.9001730680465698,-0.4325870871543884,0.05057048052549362,0,0.3405739963054657,0.771522045135498,0.5373679995536804,0,-0.27147454023361206,-0.46650099754333496,0.8418307900428772,0,0,1.451390027999878,0,1,0.05049131065607071,-0.9972430467605591,0.05438697338104248,0,0.9964810013771057,0.046654943376779556,-0.06963640451431274,0,0.06690697371959686,0.05771160125732422,0.996088981628418,0,0,3.2765069007873535,0,1,0.3320549428462982,0.22919517755508423,0.9149909019470215,0,0.0179720651358366,0.9683169722557068,-0.24907490611076355,0,-0.9430891275405884,0.09915094077587128,0.31741568446159363,0,0,2.8292040824890137,0,1,0.9059460163116455,-0.38292497396469116,0.18063926696777344,0,0.32345709204673767,0.9012539386749268,0.2882981300354004,0,-0.273198664188385,-0.2027537077665329,0.9403480887413025,0,0.32116401195526123,0.5079699754714966,0,1,0.9997550249099731,-0.022117838263511658,0.0006855635438114405,0,0.02038414776325226,0.932561993598938,0.3604329526424408,0,-0.008611333556473255,-0.3603309094905853,0.9327850937843323,0,0.08328499644994736,0.4735170006752014,0,1,0.9894570708274841,-0.14430786669254303,-0.012217988260090351,0,0.14482413232326508,0.9859899878501892,0.08275894075632095,0,0.00010404831118648872,-0.08365596830844879,0.9964950680732727,0,-0.002070999937132001,0.4775800108909607,0,1,0.9212709665298462,-0.3888551592826843,-0.007123687770217657,0,0.3758457601070404,0.8854411244392395,0.2733749747276306,0,-0.0999956950545311,-0.2545299232006073,0.9618810415267944,0,0,1.0201549530029297,0,1,0.9951260089874268,0.09860801696777344,-0.0003369945043232292,0,-0.09784317761659622,0.9878209829330444,0.12098526209592819,0,0.01226300373673439,-0.12036256492137909,0.9926540851593018,0,-0.07540299743413925,0.5894140005111694,0,1,0.9929770231246948,-0.11815478652715683,-0.0060640377923846245,0,0.11830411851406097,0.9910979866981506,0.0610647089779377,0,-0.0012050311779603362,-0.061353206634521484,0.9981149435043335,0,0.0557279996573925,0.5480239987373352,0,1,-0.9450089931488037,-0.20400100946426392,0.2556217312812805,0,0.32235899567604065,-0.712861955165863,0.6228249669075012,0,0.05516612157225609,0.6709772944450378,0.7394227385520935,0,1.022987961769104,-0.6898429989814758,-0.1812169998884201,1,0.9876689314842224,-0.019558388739824295,-0.1553320735692978,0,-0.08634846657514572,0.7595610022544861,-0.6446799635887146,0,0.13059289753437042,0.6501421928405762,0.7485048770904541,0,0,5.231299877166748,0,1,0.9816269278526306,-0.1899605542421341,-0.018006926402449608,0,0.10258958488702774,0.44584372639656067,0.8892121315002441,0,-0.1608869582414627,-0.8747219443321228,0.4571402072906494,0,0,4.76700496673584,0,1,0.9827569127082825,-0.00010783470497699454,0.18489927053451538,0,-0.10654783248901367,0.81694495677948,0.5667880773544312,0,-0.15111371874809265,-0.5767158269882202,0.8028472661972046,0,0,1.9788390398025513,0,1,-0.9395180344581604,0.15122650563716888,-0.3073047995567322,0,-0.2988114058971405,-0.8004137277603149,0.5196630954742432,0,-0.16738422214984894,0.580059289932251,0.7971917390823364,0,-1.022987961769104,-0.6898429989814758,-0.09872400015592575,1,0.9984189867973328,-0.04426044970750809,-0.03464886546134949,0,0.005602425895631313,0.6917098760604858,-0.7221541404724121,0,0.05592981353402138,0.720818042755127,0.6908639669418335,0,0,5.234388828277588,0,1,0.9827971458435059,0.18154175579547882,-0.03396105766296387,0,-0.03777320310473442,0.3775689899921417,0.9252110123634338,0,0.18078692257404327,-0.9080111384391785,0.37793079018592834,0,0,4.769873142242432,0,1,0.982429027557373,1.5254357776939287e-7,-0.18663379549980164,0,0.10730314254760742,0.8181959390640259,0.5648379325866699,0,0.1527032107114792,-0.574940025806427,0.803820013999939,0,0,1.9828089475631714,0,1
K0.100,0.966204047203064,-0.0628214180469513,0.2500089406967163,0,0.019801586866378784,0.9850720167160034,0.17099887132644653,0,-0.2570190727710724,-0.1602691411972046,0.9530240297317505,0,-0.007368003949522972,10.992589950561523,0.03235799819231033,1,0.9997689723968506,0.017526334151625633,-0.01248001679778099,0,-0.016629671677947044,0.9975020289421082,0.06864770501852036,0,0.013651984743773937,-0.06842430680990219,0.9975630044937134,0,0,1.2427419424057007,-0.1856590062379837,1,0.9999809861183167,-0.0018300761003047228,-0.005865294020622969,0,0.00270292186178267,0.9883069396018982,0.15245501697063446,0,0.00551770580932498,-0.15246795117855072,0.9882929921150208,0,0,1.4659559726715088,0,1,0.9999510049819946,-0.00162617233581841,-0.009786932729184628,0,0.0030978259164839983,0.9883310794830322,0.1522926241159439,0,0.009425067342817783,-0.15231536328792572,0.9882869124412537,0,0,1.6753770112991333,0,1,0.9977220892906189,-0.04688676819205284,-0.04849700257182121,0,0.04909523203969002,0.9977620840072632,0.04539572447538376,0,0.04626000300049782,-0.04767327755689621,0.9977909326553345,0,0,1.8847999572753906,0,1,0.9825660586357117,-0.08950790762901306,-0.16294872760772705,0,0.03397408500313759,0.9481620788574219,-0.31596580147743225,0,0.18278324604034424,0.3049212098121643,0.9346728324890137,0,0,0.855912983417511,0.3470599949359894,1,0.1534363478422165,0.05202653631567955,-0.9867878556251526,0,0.9091758131980896,-0.39864110946655273,0.12035078555345535,0,-0.38711270689964294,-0.9156296849250793,-0.10846728831529617,0,0.652642011642456,1.576030969619751,-0.03514900058507919,1,0.9334080815315247,0.31915757060050964,0.16397225856781006,0,-0.35265737771987915,0.7316937446594238,0.5833160877227783,0,0.06619226932525635,-0.6022979617118835,0.7955220341682434,0,0,1.451390027999878,0,1,0.1230926588177681,0.9903220534324646,-0.06411827355623245,0,-0.9893180131912231,0.11737030744552612,-0.08645564317703247,0,-0.0780932679772377,0.07407534867525101,0.9941899180412292,0,0,3.2703590393066406,0,1,0.11283772438764572,-0.3869267404079437,-0.9151801466941833,0,0.4653322398662567,0.8343898057937622,-0.2953961193561554,0,0.8779138922691345,-0.3925311267375946,0.2742002308368683,0,0,2.8214590549468994,0,1,0.8544639348983765,0.5015180706977844,-0.1355372816324234,0,-0.40954193472862244,0.8107839822769165,0.4182169735431671,0,0.31963473558425903,-0.3018430173397064,0.8981781005859375,0,-0.3050509989261627,0.43549299240112305,0,1,0.9563518166542053,-0.22918635606765747,0.18128712475299835,0,0.09256161004304886,0.8260250091552734,0.5559809803962708,0,-0.2771708369255066,-0.5149329900741577,0.8111839890480042,0,-0.06800000369548798,0.4198940098285675,0,1,0.9876459836959839,0.003723677946254611,0.15665903687477112,0,-0.0338253378868103,0.9812150597572327,0.18992666900157928,0,-0.15300896763801575,-0.19287936389446259,0.9692189693450928,0,-0.004792999941855669,0.4857949912548065,0,1,0.9690450429916382,0.24626697599887848,-0.017456958070397377,0,-0.24034202098846436,0.9571729898452759,0.1614171266555786,0,0.05646103620529175,-0.1522248238325119,0.986732006072998,0,0,0.9967560172080994,0,1,0.9998730421066284,0.011030897498130798,0.011508908122777939,0,-0.012982078827917576,0.9824169874191284,0.18624606728553772,0,-0.00925209280103445,-0.18637192249298096,0.9824360609054565,0,0.060189999639987946,0.5512700080871582,0,1,0.9974269866943359,0.07158803194761276,-0.003733688034117222,0,-0.07092294096946716,0.9930559992790222,0.09386415779590607,0,0.010427311062812805,-0.09335783123970032,0.9955779910087585,0,-0.026318000629544258,0.4993000030517578,0,1,0.24459879100322723,-0.10107298195362091,0.9643420577049255,0,-0.8985730409622192,-0.3973269760608673,0.1862730085849762,0,0.3643319308757782,-0.912093997001648,-0.1880072057247162,0,-0.652642011642456,1.5792399644851685,-0.05662799999117851,1,0.9023730754852295,-0.4281097948551178,0.04944127798080444,0,0.3373982310295105,0.7731849551200867,0.5369799137115479,0,-0.26811373233795166,-0.46787506341934204,0.8421451449394226,0,0,1.451390027999878,0,1,0.04009279981255531,-0.9976810216903687,0.055003583431243896,0,0.9969050288200378,0.036215025931596756,-0.06977127492427826,0,0.06761757284402847,0.057630717754364014,0.9960459470748901,0,0,3.2765069007873535,0,1,0.34407511353492737,0.22466923296451569,0.9116669297218323,0,0.027328237891197205,0.9681429862976074,-0.2489011138677597,0,-0.938543975353241,0.11055489629507065,0.32697394490242004,0,0,2.8292040824890137,0,1,0.9045541286468506,-0.38601386547088623,0.18103757500648499,0,0.32207611203193665,0.8968809843063354,0.3031039834022522,0,-0.2793714106082916,-0.21586601436138153,0.9356028437614441,0,0.32116401195526123,0.5079699754714966,0,1,0.9996610283851624,-0.024659208953380585,0.008346975781023502,0,0.019788790494203568,0.9280849695205688,0.3718421757221222,0,-0.016916032880544662,-0.37155085802078247,0.9282580614089966,0,0.08328499644994736,0.4735170006752014,0,1,0.9894269704818726,-0.14469310641288757,-0.009872036054730415,0,0.1449929028749466,0.9853530526161194,0.08975879102945328,0,-0.0032600387930870056,-0.0902412012219429,0.9959149360656738,0,-0.002070999937132001,0.4775800108909607,0,1,0.9177829623222351,-0.3969360888004303,-0.010832831263542175,0,0.3836819529533386,0.8794491291046143,0.2817048728466034,0,-0.10229182988405228,-0.2627001106739044,0.9594399333000183,0,0,1.0201549530029297,0,1,0.9964499473571777,0.08418599516153336,-0.0008191340020857751,0,-0.08331298828125,0.9874240756034851,0.13435758650302887,0,0.012119865976274014,-0.13381242752075195,0.9909329414367676,0,-0.07540299743413925,0.5894140005111694,0,1,0.9921029806137085,-0.12527179718017578,-0.006204741075634956,0,0.12540319561958313,0.9897839426994324,0.06782925128936768,0,-0.0023557415697723627,-0.06807175278663635,0.9976779818534851,0,0.0557279996573925,0.5480239987373352,0,1,-0.9442611336708069,-0.20209167897701263,0.25986501574516296,0,0.3229933977127075,-0.7212820053100586,0.612721860408783,0,0.06360997259616852,0.6625041961669922,0.7463527917861938,0,1.022987961769104,-0.6898429989814758,-0.1812169998884201,1,0.9877699613571167,-0.021628020331263542,-0.1544138789176941,0,-0.08211200684309006,0.7697240710258484,-0.6330738663673401,0,0.13254812359809875,0.6380101442337036,0.7585338950157166,0,0,5.231299877166748,0,1,0.9829829335212708,-0.18305793404579163,-0.015307039953768253,0,0.09917005896568298,0.4586832523345947,0.8830488324165344,0,-0.15462802350521088,-0.8695400357246399,0.46903175115585327,0,0,4.76700496673584,0,1,0.9827500581741333,-0.00018506871128920466,0.18493768572807312,0,-0.10658106207847595,0.8166659474372864,0.5671839118003845,0,-0.1511373072862625,-0.5771109461784363,0.802558958530426,0,0,1.9788390398025513,0,1,-0.9400960206985474,0.15599596500396729,-0.30312633514404297,0,-0.29669103026390076,-0.8123268485069275,0.5020954608917236,0,-0.16791270673274994,0.561952531337738,0.8099474906921387,0,-1.022987961769104,-0.6898429989814758,-0.09872400015592575,1,0.9974120259284973,-0.05484480410814285,-0.0464879646897316,0,0.005060195457190275,0.6985441446304321,-0.7155489921569824,0,0.07171804457902908,0.7134619951248169,0.6970139741897583,0,0,5.234388828277588,0,1,0.982452929019928,0.183444082736969,-0.03367622569203377,0,-0.03914790228009224,0.379363089799881,0.9244189262390137,0,0.18235476315021515,-0.9068800806999207,0.37988799810409546,0,0,4.769873142242432,0,1,0.9824300408363342,1.1432819491119517e-7,-0.18663389980793,0,0.10730312019586563,0.8181959390640259,0.5648379325866699,0,0.15270312130451202,-0.5749400854110718,0.803820013999939,0,0,1.9828089475631714,0,1
