0.933,30,28,41
B0,mixamorig_Hips,-1,0.9923310279846191,-0.05695199966430664,-0.10971000045537949,0,0.0492900013923645,0.9962339997291565,-0.0713300034403801,0,0.1133589968085289,0.06537500023841858,0.9914010167121887,0,0.03526100143790245,11.793660163879395,0.11887700110673904,1
B1,mixamorig_Spine,0,0.9986199736595154,0.046606000512838364,-0.02420400083065033,0,-0.048590999096632004,0.994828999042511,-0.08918700367212296,0,0.01992199942469597,0.0902400016784668,0.9957209825515747,0,0,1.2427419424057007,-0.1856590062379837,1
B2,mixamorig_Spine1,1,0.9996150135993958,0.027706999331712723,-0.0012969999806955457,0,-0.027675999328494072,0.999413013458252,0.020200999453663826,0,0.0018560000462457538,-0.020157000049948692,0.9997950196266174,0,0,1.4659559726715088,0,1
B3,mixamorig_Spine2,2,0.9996110200881958,0.027823999524116516,-0.0016799999866634607,0,-0.027785999700427055,0.9994189739227295,0.019759999588131905,0,0.002228999976068735,-0.01970599964261055,0.9998030066490173,0,0,1.6753770112991333,0,1
B4,mixamorig_Neck,3,0.9999679923057556,0.007360000163316727,0.0032730000093579292,0,-0.007935999892652035,0.9697459936141968,0.2439890056848526,0,-0.0013780000153928995,-0.24400700628757477,0.96977299451828,0,0,1.8847999572753906,0,1
B5,mixamorig_Head,4,0.9997109770774841,-0.0045540002174675465,-0.023615000769495964,0,0.0014059999957680702,0.9912949800491333,-0.1316560059785843,0,0.02400900050997734,0.13158400356769562,0.9910140037536621,0,0,0.855912983417511,0.3470599949359894,1
B6,mixamorig_HeadTop_End,5,1,0,0,0,0,1,0,0,0,0,1,0,0,2.8392999172210693,1.1512919664382935,1
B7,mixamorig_LeftShoulder,3,0.25109899044036865,0.010869000107049942,-0.9678999781608582,0,0.8745660185813904,-0.43108099699020386,0.22204400599002838,0,-0.4148310124874115,-0.9022480249404907,-0.11774899810552597,0,0.652642011642456,1.576030969619751,-0.03514900058507919,1
B8,mixamorig_LeftArm,7,0.8770419955253601,0.3725779950618744,-0.3032880127429962,0,0.0898979976773262,0.49287399649620056,0.865444004535675,0,0.4719280004501343,-0.786296010017395,0.3987770080566406,0,0,1.451390027999878,0,1
B9,mixamorig_LeftForeArm,8,0.99965900182724,0.025376999750733376,-0.006132999900728464,0,-0.02538999915122986,0.999675989151001,-0.001979999942705035,0,0.006080999970436096,0.0021349999587982893,0.9999790191650391,0,0,3.2703590393066406,0,1
B10,mixamorig_LeftHand,9,0.9834780097007751,0.09506099671125412,-0.1540600061416626,0,-0.08505800366401672,0.9938939809799194,0.0702819973230362,0,0.1597999930381775,-0.05601700022816658,0.9855589866638184,0,0,2.8214590549468994,0,1
B11,mixamorig_LeftHandThumb1,10,0.9063079953193665,0.4226140081882477,-0.0019759999122470617,0,-0.42211899161338806,0.9049990177154541,-0.05284599959850311,0,-0.020545000210404396,0.04872899875044823,0.9986010193824768,0,-0.3050509989261627,0.43549299240112305,0,1
B12,mixamorig_LeftHandThumb2,11,0.9170339703559875,-0.3449000120162964,-0.20023000240325928,0,0.37842899560928345,0.9109920263290405,0.16396799683570862,0,0.12585599720478058,-0.22613699734210968,0.9659309983253479,0,-0.06800000369548798,0.4198940098285675,0,1
B13,mixamorig_LeftHandThumb3,12,0.9897559881210327,0.023896999657154083,0.14075599610805511,0,0.004337000194936991,0.9804049730300903,-0.19694599509239197,0,-0.14270399510860443,0.19553899765014648,0.9702579975128174,0,-0.004792999941855669,0.4857949912548065,0,1
B14,mixamorig_LeftHandThumb4,13,1,0,0,0,0,1,0,0,0,0,1,0,0.07279200106859207,0.44150298833847046,0,1
B15,mixamorig_LeftHandIndex1,10,0.9752020239830017,0.21859900653362274,-0.0345660001039505,0,-0.21522100269794464,0.973110020160675,0.08208400011062622,0,0.051580000668764114,-0.07260899990797043,0.9960259795188904,0,0,0.9967560172080994,0,1
B16,mixamorig_LeftHandIndex2,15,0.9987059831619263,0.04803700000047684,0.016681000590324402,0,-0.05051900073885918,0.9747120141983032,0.2176789939403534,0,-0.005801999941468239,-0.21823999285697937,0.9758780002593994,0,0.060189999639987946,0.5512700080871582,0,1
B17,mixamorig_LeftHandIndex3,16,0.9965909719467163,0.08243300020694733,-0.0033740000799298286,0,-0.08166100084781647,0.9914349913597107,0.1019200012087822,0,0.011746999807655811,-0.10129699856042862,0.9947869777679443,0,-0.026318000629544258,0.4993000030517578,0,1
B18,mixamorig_LeftHandIndex4,17,1,0,0,0,0,1,0,0,0,0,1,0,-0.033872999250888824,0.5011600255966187,0,1
B19,mixamorig_RightShoulder,3,0.1779329925775528,-0.01848199963569641,0.9838690161705017,0,-0.8761739730834961,-0.4581089913845062,0.149850994348526,0,0.44795000553131104,-0.8887040019035339,-0.09770599752664566,0,-0.652642011642456,1.5792399644851685,-0.05662799999117851,1
B20,mixamorig_RightArm,19,0.7591440081596375,-0.46957600116729736,0.45077601075172424,0,-0.08685500174760818,0.6132509708404541,0.7850980162620544,0,-0.6451020240783691,-0.6351550221443176,0.42476099729537964,0,0,1.451390027999878,0,1
B21,mixamorig_RightForeArm,20,0.9931790232658386,-0.1162939965724945,0.00843099970370531,0,0.11635400354862213,0.9931830167770386,-0.006963999941945076,0,-0.007563999854028225,0.007896999828517437,0.9999399781227112,0,0,3.2765069007873535,0,1
B22,mixamorig_RightHand,21,0.8963159918785095,-0.08498500287532806,0.4351949989795685,0,0.04002299904823303,0.9929609894752502,0.11147399991750717,0,-0.44160500168800354,-0.08249899744987488,0.893409013748169,0,0,2.8292040824890137,0,1
B23,mixamorig_RightHandThumb1,22,0.9003999829292297,-0.4348979890346527,-0.011978999711573124,0,0.4311540126800537,0.8956549763679504,-0.10912899672985077,0,0.05818900093436241,0.09309499710798264,0.9939550161361694,0,0.32116401195526123,0.5079699754714966,0,1
B24,mixamorig_RightHandThumb2,23,0.916146993637085,0.34459400177001953,0.20476900041103363,0,-0.388931006193161,0.8877949714660645,0.24607700109481812,0,-0.0969960018992424,-0.3050830066204071,0.9473729729652405,0,0.08328499644994736,0.4735170006752014,0,1
B25,mixamorig_RightHandThumb3,24,0.9918519854545593,0.01544100046157837,-0.12645800411701202,0,-0.044436998665332794,0.972216010093689,-0.22982700169086456,0,0.11939500272274017,0.2335740029811859,0.9649810194969177,0,-0.002070999937132001,0.4775800108909607,0,1
B26,mixamorig_RightHandThumb4,25,1,0,0,0,0,1,0,0,0,0,1,0,-0.08121500164270401,0.3971160054206848,0,1
B27,mixamorig_RightHandIndex1,22,0.9705410003662109,-0.23412199318408966,0.05688700079917908,0,0.23025600612163544,0.9708150029182434,0.06709100306034088,0,-0.070933997631073,-0.0520160011947155,0.9961240291595459,0,0,1.0201549530029297,0,1
B28,mixamorig_RightHandIndex2,27,0.9999690055847168,-0.002171000000089407,-0.007538000121712685,0,0.0036150000523775816,0.980334997177124,0.1973090022802353,0,0.0069610001519322395,-0.19732999801635742,0.9803119897842407,0,-0.07540299743413925,0.5894140005111694,0,1
B29,mixamorig_RightHandIndex3,28,0.9871879816055298,-0.15938399732112885,-0.007513999938964844,0,0.15939100086688995,0.9828680157661438,0.09255199879407883,0,-0.007366999983787537,-0.09256400167942047,0.9956790208816528,0,0.0557279996573925,0.5480239987373352,0,1
B30,mixamorig_RightHandIndex4,29,1,0,0,0,0,1,0,0,0,0,1,0,0.019675999879837036,0.41751301288604736,0,1
B31,mixamorig_LeftUpLeg,0,-0.9508630037307739,-0.1397310048341751,0.2762880027294159,0,0.1808129996061325,-0.9749969840049744,0.12917999923229218,0,0.2513299882411957,0.17278900742530823,0.9523540139198303,0,1.022987961769104,-0.6898429989814758,-0.1812169998884201,1
B32,mixamorig_LeftLeg,31,0.9979720115661621,0.058281999081373215,0.025611000135540962,0,-0.04940799996256828,0.9627839922904968,-0.2657189965248108,0,-0.040144000202417374,0.2639150023460388,0.9637100100517273,0,0,5.231299877166748,0,1
B33,mixamorig_LeftFoot,32,0.9973030090332031,-0.04782300069928169,0.055677998811006546,0,-0.018550999462604523,0.5697169899940491,0.8216310143470764,0,-0.07101400196552277,-0.8204479813575745,0.5672929883003235,0,0,4.76700496673584,0,1
B34,mixamorig_LeftToeBase,33,0.9814879894256592,-0.013764999806880951,0.19102700054645538,0,-0.11253300309181213,0.7656319737434387,0.6333590149879456,0,-0.15497499704360962,-0.6431310176849365,0.7499099969863892,0,0,1.9788390398025513,0,1
B35,mixamorig_LeftToe_End,34,1,0,0,0,0,1,0,0,0,0,1,0,0,0.7514830231666565,0,1
B36,mixamorig_RightUpLeg,0,-0.9836000204086304,-0.04340999945998192,-0.17506100237369537,0,0.049024999141693115,-0.9984089732170105,-0.02787500061094761,0,-0.17357200384140015,-0.035999998450279236,0.9841629862785339,0,-1.022987961769104,-0.6898429989814758,-0.09872400015592575,1
B37,mixamorig_RightLeg,36,0.9849669933319092,-0.04808599874377251,-0.16591599583625793,0,0.01960800029337406,0.985388994216919,-0.16918499767780304,0,0.1716269999742508,0.16338799893856049,0.9715189933776855,0,0,5.234388828277588,0,1
B38,mixamorig_RightFoot,37,0.9965770244598389,-0.017703000456094742,-0.08075399696826935,0,0.07894100248813629,0.49389100074768066,0.8659330010414124,0,0.024553999304771423,-0.8693439960479736,0.49359801411628723,0,0,4.769873142242432,0,1
B39,mixamorig_RightToeBase,38,0.980521023273468,0.02070399932563305,-0.1953209936618805,0,0.11637599766254425,0.7398430109024048,0.6626369953155518,0,0.15822599828243256,-0.6724609732627869,0.7230219841003418,0,0,1.9828089475631714,0,1
B40,mixamorig_RightToe_End,39,1,0,0,0,0,1,0,0,0,0,1,0,0,0.7492420077323914,0,1
@34,0,1,2,3,4,5,7,8,9,10,11,12,13,15,16,17,19,20,21,22,23,24,25,27,28,29,31,32,33,34,36,37,38,39
K0.000,0.9923310279846191,-0.05695203319191933,-0.10970990359783173,0,0.049289971590042114,0.9962339997291565,-0.07132981717586517,0,0.11335910856723785,0.0653751939535141,0.9914010763168335,0,0.03526100143790245,11.793660163879395,0.11887700110673904,1,0.9986199736595154,0.04660613462328911,-0.02420390583574772,0,-0.04859086871147156,0.9948290586471558,-0.08918698877096176,0,0.01992209441959858,0.09024002403020859,0.9957209825515747,0,0,1.2427419424057007,-0.1856590062379837,1,0.9996150135993958,0.027707403525710106,-0.0012970243114978075,0,-0.027675596997141838,0.9994130730628967,0.020200839266180992,0,0.0018559758318588138,-0.020157163962721825,0.9997950196266174,0,0,1.4659559726715088,0,1,0.9996110200881958,0.0278242789208889,-0.001680081943050027,0,-0.02778571844100952,0.9994189143180847,0.019760185852646828,0,0.002228918019682169,-0.019705811515450478,0.9998030662536621,0,0,1.6753770112991333,0,1,0.9999680519104004,0.007359934039413929,0.0032728808000683784,0,-0.007936066947877407,0.9697460532188416,0.2439889907836914,0,-0.0013781196903437376,-0.24400705099105835,0.96977299451828,0,0,1.8847999572753906,0,1,0.9997109770774841,-0.0045541441068053246,-0.02361500822007656,0,0.001405856222845614,0.9912949800491333,-0.13165569305419922,0,0.024008994922041893,0.13158433139324188,0.9910139441490173,0,0,0.855912983417511,0.3470599949359894,1,0.25109797716140747,0.010869082994759083,-0.967900276184082,0,0.8745658993721008,-0.4310814440250397,0.22204388678073883,0,-0.4148307740688324,-0.902248203754425,-0.11774960905313492,0,0.652642011642456,1.576030969619751,-0.03514900058507919,1,0.8770419955253601,0.3725782334804535,-0.3032877743244171,0,0.0898982435464859,0.49287381768226624,0.8654441237449646,0,0.4719282388687134,-0.7862958908081055,0.39877691864967346,0,0,1.451390027999878,0,1,0.99965900182724,0.02537721022963524,-0.006133117713034153,0,-0.025389790534973145,0.9996760487556458,-0.001979978522285819,0,0.006080882158130407,0.002135021146386862,0.9999790191650391,0,0,3.2703590393066406,0,1,0.9834780097007751,0.09506087750196457,-0.1540597826242447,0,-0.08505811542272568,0.9938939213752747,0.07028210163116455,0,0.1598002314567566,-0.056016892194747925,0.9855589866638184,0,0,2.8214590549468994,0,1,0.9063079357147217,0.42261403799057007,-0.0019761063158512115,0,-0.4221189320087433,0.9049991369247437,-0.05284605547785759,0,-0.02054510824382305,0.04872894659638405,0.9986010789871216,0,-0.3050509989261627,0.43549299240112305,0,1,0.9170339703559875,-0.34489989280700684,-0.20023028552532196,0,0.378429114818573,0.9109920263290405,0.16396787762641907,0,0.1258557289838791,-0.22613714635372162,0.9659310579299927,0,-0.06800000369548798,0.4198940098285675,0,1,0.9897559881210327,0.023896999657154083,0.14075584709644318,0,0.0043369983322918415,0.9804049730300903,-0.19694602489471436,0,-0.14270412921905518,0.1955389529466629,0.9702579975128174,0,-0.004792999941855669,0.4857949912548065,0,1,0.9752019643783569,0.21859920024871826,-0.0345660038292408,0,-0.21522082388401031,0.9731100797653198,0.08208391815423965,0,0.051580000668764114,-0.0726090744137764,0.9960259199142456,0,0,0.9967560172080994,0,1,0.9987059831619263,0.04803716763854027,0.016680749133229256,0,-0.05051882937550545,0.974712073802948,0.21767893433570862,0,-0.005802249535918236,-0.21824005246162415,0.9758780002593994,0,0.060189999639987946,0.5512700080871582,0,1,0.9965910315513611,0.08243276923894882,-0.0033741754014045,0,-0.08166121691465378,0.9914349317550659,0.1019199788570404,0,0.011746825650334358,-0.10129702836275101,0.9947869777679443,0,-0.026318000629544258,0.4993000030517578,0,1,0.17793279886245728,-0.018481750041246414,0.9838690161705017,0,-0.8761740326881409,-0.45810890197753906,0.14985065162181854,0,0.4479498267173767,-0.8887041211128235,-0.09770581871271133,0,-0.652642011642456,1.5792399644851685,-0.05662799999117851,1,0.759144127368927,-0.469575971364975,0.4507758617401123,0,-0.0868549644947052,0.6132508516311646,0.7850980758666992,0,-0.6451021432876587,-0.6351550221443176,0.42476093769073486,0,0,1.451390027999878,0,1,0.9931790232658386,-0.11629421263933182,0.00843115895986557,0,0.11635379493236542,0.9931830763816833,-0.006963750813156366,0,-0.007563841063529253,0.007897249422967434,0.9999399781227112,0,0,3.2765069007873535,0,1,0.8963161110877991,-0.08498477190732956,0.435194730758667,0,0.04002321884036064,0.9929608702659607,0.11147445440292358,0,-0.44160526990890503,-0.08249852061271667,0.8934088945388794,0,0,2.8292040824890137,0,1,0.9004000425338745,-0.43489789962768555,-0.011979001574218273,0,0.4311541020870209,0.8956548571586609,-0.10912904888391495,0,0.05818900093436241,0.09309494495391846,0.9939550161361694,0,0.32116401195526123,0.5079699754714966,0,1,0.9161469340324402,0.3445941209793091,0.20476892590522766,0,-0.38893091678619385,0.887795090675354,0.24607686698436737,0,-0.09699607640504837,-0.30508315563201904,0.9473729133605957,0,0.08328499644994736,0.4735170006752014,0,1,0.9918521046638489,0.015440781600773335,-0.1264575719833374,0,-0.044437214732170105,0.9722159504890442,-0.22982703149318695,0,0.11939540505409241,0.23357391357421875,0.964980959892273,0,-0.002070999937132001,0.4775800108909607,0,1,0.9705409407615662,-0.2341221570968628,0.05688687041401863,0,0.2302558273077011,0.9708150029182434,0.0670909732580185,0,-0.07093413174152374,-0.05201602354645729,0.9961240887641907,0,0,1.0201549530029297,0,1,0.9999690055847168,-0.002170652849599719,-0.007537761237472296,0,0.003615347435697913,0.9803350567817688,0.1973090022802353,0,0.006961238570511341,-0.19733001291751862,0.9803119897842407,0,-0.07540299743413925,0.5894140005111694,0,1,0.9871879816055298,-0.15938402712345123,-0.007513524033129215,0,0.15939097106456757,0.9828680157661438,0.09255214035511017,0,-0.007366523612290621,-0.09256386756896973,0.9956790208816528,0,0.0557279996573925,0.5480239987373352,0,1,-0.9508629441261292,-0.13973109424114227,0.2762881815433502,0,0.18081291019916534,-0.9749969840049744,0.12917998433113098,0,0.25132980942726135,0.17278900742530823,0.9523540735244751,0,1.022987961769104,-0.6898429989814758,-0.1812169998884201,1,0.9979720711708069,0.05828205123543739,0.025610754266381264,0,-0.049407947808504105,0.962783932685852,-0.2657192647457123,0,-0.04014424607157707,0.26391473412513733,0.9637100696563721,0,0,5.231299877166748,0,1,0.9973030686378479,-0.047823239117860794,0.05567816644906998,0,-0.018551234155893326,0.5697169303894043,0.8216310739517212,0,-0.07101383805274963,-0.8204478621482849,0.567293107509613,0,0,4.76700496673584,0,1,0.9814879298210144,-0.013765023089945316,0.1910271793603897,0,-0.11253302544355392,0.765632152557373,0.6333588361740112,0,-0.1549748033285141,-0.6431311964988708,0.7499099373817444,0,0,1.9788390398025513,0,1,-0.9836000204086304,-0.043410126119852066,-0.17506082355976105,0,0.04902486875653267,-0.9984089732170105,-0.027874913066625595,0,-0.17357216775417328,-0.0360000841319561,0.9841629266738892,0,-1.022987961769104,-0.6898429989814758,-0.09872400015592575,1,0.984967052936554,-0.04808612912893295,-0.165915846824646,0,0.019607873633503914,0.9853890538215637,-0.16918477416038513,0,0.17162716388702393,0.1633882373571396,0.9715189933776855,0,0,5.234388828277588,0,1,0.9965770840644836,-0.017702965065836906,-0.08075393736362457,0,0.07894104719161987,0.4938909709453583,0.8659330606460571,0,0.024554066359996796,-0.8693440556526184,0.49359801411628723,0,0,4.769873142242432,0,1,0.9805210828781128,0.020704051479697227,-0.19532090425491333,0,0.11637604981660843,0.7398427724838257,0.6626371741294861,0,0.1582261025905609,-0.672460675239563,0.7230222225189209,0,0,1.9828089475631714,0,1
K0.035,0.9974188208580017,-0.059522271156311035,-0.04017088562250137,0,0.05732503533363342,0.9969047904014587,-0.05379430204629898,0,0.04324851557612419,0.05135266110301018,0.9977439045906067,0,0.04896117001771927,11.76852798461914,0.04699927940964699,1,0.9989162683486938,0.04185248911380768,-0.020379381254315376,0,-0.04348012059926987,0.9952273368835449,-0.08735604584217072,0,0.01662605255842209,0.08814749866724014,0.9959688186645508,0,0,1.2427419424057007,-0.1856590062379837,1,0.9996312856674194,0.027121655642986298,0.0014606507029384375,0,-0.027147121727466583,0.9993919730186462,0.021871745586395264,0,-0.0008665643399581313,-0.021903328597545624,0.9997595548629761,0,0,1.4659559726715088,0,1,0.9996061325073242,0.028018468990921974,0.0012387024471536279,0,-0.028038566932082176,0.9993788599967957,0.021357860416173935,0,-0.0006395183736458421,-0.02138417586684227,0.9997706413269043,0,0,1.6753770112991333,0,1,0.9998103976249695,0.010460169054567814,0.016398906707763672,0,-0.014118123799562454,0.9701969027519226,0.24190780520439148,0,-0.013379775919020176,-0.2420935034751892,0.9701607823371887,0,0,1.8847999572753906,0,1,0.9998540878295898,0.010354284197092056,0.013597328215837479,0,-0.008382272906601429,0.9904215335845947,-0.1378253847360611,0,-0.014894156716763973,0.1376911848783493,0.9903630018234253,0,0,0.855912983417511,0.3470599949359894,1,0.25275662541389465,0.01160627044737339,-0.9674602746963501,0,0.8758738040924072,-0.4275549352169037,0.22369973361492157,0,-0.4110462963581085,-0.9039151668548584,-0.11823306977748871,0,0.652642011642456,1.576030969619751,-0.03514900058507919,1,0.873552143573761,0.3713180720806122,-0.3146885633468628,0,0.09780795127153397,0.49943163990974426,0.8608139157295227,0,0.4768017530441284,-0.7827458381652832,0.3999621868133545,0,0,1.451390027999878,0,1,0.9995231628417969,0.030252793803811073,-0.006143609061837196,0,-0.030267782509326935,0.9995390176773071,-0.0023605593014508486,0,0.0060693626292049885,0.002545386552810669,0.9999779462814331,0,0,3.2703590393066406,0,1,0.9846851825714111,0.09274277091026306,-0.14762398600578308,0,-0.08320409804582596,0.9941033720970154,0.06954190135002136,0,0.15320304036140442,-0.056193966418504715,0.9865955710411072,0,0,2.8214590549468994,0,1,0.9063079357147217,0.42261403799057007,-0.0019761063158512115,0,-0.4221189320087433,0.9049991369247437,-0.05284605547785759,0,-0.02054510824382305,0.04872894659638405,0.9986010789871216,0,-0.3050509989261627,0.43549299240112305,0,1,0.9174097180366516,-0.34393996000289917,-0.20016297698020935,0,0.3773036003112793,0.9116718173027039,0.162775456905365,0,0.12649793922901154,-0.22485396265983582,0.9661462306976318,0,-0.06800000369548798,0.4198940098285675,0,1,0.9897445440292358,0.0237549040466547,0.14086148142814636,0,0.004467865917831659,0.9804461002349854,-0.1967354714870453,0,-0.14278051257133484,0.1953471601009369,0.9702848792076111,0,-0.004792999941855669,0.4857949912548065,0,1,0.9750622510910034,0.21928514540195465,-0.034161876887083054,0,-0.21593882143497467,0.9729578495025635,0.0820038840174675,0,0.05122026801109314,-0.07258196920156479,0.9960460066795349,0,0,0.9967560172080994,0,1,0.9987068772315979,0.048018138855695724,0.01667771488428116,0,-0.05049949139356613,0.974717378616333,0.21765996515750885,0,-0.005804434884339571,-0.21822082996368408,0.9758824110031128,0,0.060189999639987946,0.5512700080871582,0,1,0.9965927600860596,0.0824134573340416,-0.0033746773842722178,0,-0.08164217323064804,0.9914385080337524,0.10189881920814514,0,0.011743619106709957,-0.10127610713243484,0.9947888255119324,0,-0.026318000629544258,0.4993000030517578,0,1,0.179077610373497,-0.01818205416202545,0.9836671948432922,0,-0.874839723110199,-0.46035587787628174,0.15075628459453583,0,0.45009586215019226,-0.8875480890274048,-0.09834583848714828,0,-0.652642011642456,1.5792399644851685,-0.05662799999117851,1,0.7666605710983276,-0.465901255607605,0.4417780637741089,0,-0.07203035056591034,0.6213151812553406,0.7802432179450989,0,-0.6379992961883545,-0.6300027370452881,0.4427785575389862,0,0,1.451390027999878,0,1,0.9899583458900452,-0.1410978138446808,0.0086241215467453,0,0.1411701738834381,0.989949643611908,-0.008448454551398754,0,-0.007345383986830711,0.009581082500517368,0.9999272227287292,0,0,3.2765069007873535,0,1,0.9003450870513916,-0.09405817091464996,0.42489027976989746,0,0.06364396214485168,0.9943251013755798,0.0852523073554039,0,-0.4304974377155304,-0.04971477389335632,0.9012213945388794,0,0,2.8292040824890137,0,1,0.9004000425338745,-0.43489789962768555,-0.011979001574218273,0,0.4311541020870209,0.8956548571586609,-0.10912904888391495,0,0.05818900093436241,0.09309494495391846,0.9939550161361694,0,0.32116401195526123,0.5079699754714966,0,1,0.9164127707481384,0.3455115258693695,0.20201410353183746,0,-0.38890016078948975,0.8879793882369995,0.24545778334140778,0,-0.09457581490278244,-0.30350378155708313,0.9481245875358582,0,0.08328499644994736,0.4735170006752014,0,1,0.9917581081390381,0.016301050782203674,-0.12708328664302826,0,-0.045326054096221924,0.9723709225654602,-0.22899791598320007,0,0.1198391392827034,0.23287063837051392,0.9650952219963074,0,-0.002070999937132001,0.4775800108909607,0,1,0.9701427221298218,-0.2359062284231186,0.05632088705897331,0,0.2319822609424591,0.9703176617622375,0.06832383573055267,0,-0.0707671046257019,-0.05321837589144707,0.9960717558860779,0,0,1.0201549530029297,0,1,0.9999679923057556,-0.0024134034756571054,-0.007564785424619913,0,0.0038601113483309746,0.9802923202514648,0.1975134313106537,0,0.0069390288554131985,-0.19753652811050415,0.9802713394165039,0,-0.07540299743413925,0.5894140005111694,0,1,0.987149178981781,-0.15962277352809906,-0.0075256917625665665,0,0.15962815284729004,0.9828088879585266,0.09276225417852402,0,-0.007410654332488775,-0.09277152270078659,0.995659589767456,0,0.0557279996573925,0.5480239987373352,0,1,-0.9472014904022217,-0.14130163192749023,0.28782641887664795,0,0.1910438984632492,-0.9696344137191772,0.15268273651599884,0,0.2575118839740753,0.19960865378379822,0.9454331994056702,0,1.022987961769104,-0.6898429989814758,-0.1812169998884201,1,0.9982925057411194,0.05652919411659241,0.014692677184939384,0,-0.049507059156894684,0.9524362087249756,-0.3006890118122101,0,-0.030991550534963608,0.2994482219219208,0.9536086916923523,0,0,5.231299877166748,0,1,0.990742564201355,-0.05621638521552086,0.12356476485729218,0,-0.07169866561889648,0.5562211871147156,0.8279355764389038,0,-0.11527293175458908,-0.8291308283805847,0.5470415949821472,0,0,4.76700496673584,0,1,0.9814714193344116,-0.013947063125669956,0.19109953939914703,0,-0.11261313408613205,0.7649256587028503,0.6341984868049622,0,-0.1550220549106598,-0.6439675688743591,0.7491815686225891,0,0,1.9788390398025513,0,1,-0.9811285138130188,-0.02919260784983635,-0.1911381632089615,0,0.019999917596578598,-0.99855637550354,0.04984863102436066,0,-0.19231747090816498,0.045085176825523376,0.9802961945533752,0,-1.022987961769104,-0.6898429989814758,-0.09872400015592575,1,0.9949557781219482,-0.020409032702445984,-0.0982215479016304,0,-0.007333796005696058,0.9616701006889343,-0.2741105258464813,0,0.10005096346139908,0.2734479308128357,0.9566686153411865,0,0,5.234388828277588,0,1,0.9964200854301453,0.01643211394548416,-0.08293229341506958,0,0.06624401360750198,0.4577479064464569,0.8866104483604431,0,0.05253097414970398,-0.8889302015304565,0.4550207257270813,0,0,4.769873142242432,0,1,0.9804972410202026,0.020969968289136887,-0.1954127550125122,0,0.11649371683597565,0.7387861609458923,0.6637954115867615,0,0.1582878679037094,-0.6736133694648743,0.7219343781471252,0,0,1.9828089475631714,0,1
K0.069,0.9974957704544067,-0.06104186922311783,0.03572891652584076,0,0.062437862157821655,0.9972731471061707,-0.039354268461465836,0,-0.03322918713092804,0.041486501693725586,0.9985858201980591,0,0.08320894837379456,11.7412748336792,-0.016647975891828537,1,0.9991672039031982,0.036923401057720184,-0.017339857295155525,0,-0.03827190771698952,0.9956245422363281,-0.08524824678897858,0,0.01411634124815464,0.08584094047546387,0.9962092041969299,0,0,1.2427419424057007,-0.1856590062379837,1,0.9996928572654724,0.024555310606956482,0.00323430635035038,0,-0.024625016376376152,0.9994171261787415,0.023639308288693428,0,-0.0026519522070884705,-0.023711709305644035,0.9997154474258423,0,0,1.4659559726715088,0,1,0.9996097683906555,0.027739139273762703,0.003279434982687235,0,-0.02780747041106224,0.9993473291397095,0.023047741502523422,0,-0.002637969795614481,-0.023129938170313835,0.9997285604476929,0,0,1.6753770112991333,0,1,0.9990320205688477,0.014766454696655273,0.04144573211669922,0,-0.02447739988565445,0.969296932220459,0.24467238783836365,0,-0.03656024485826492,-0.24544979631900787,0.9687191843986511,0,0,1.8847999572753906,0,1,0.9968511462211609,0.03358831629157066,0.07182889431715012,0,-0.023608407005667686,0.9904919862747192,-0.13552886247634888,0,-0.07569817453622818,0.13340641558170319,0.9881666302680969,0,0,0.855912983417511,0.3470599949359894,1,0.25388771295547485,0.012383738532662392,-0.9671541452407837,0,0.8773403167724609,-0.42391180992126465,0.2248828262090683,0,-0.40720319747924805,-0.9056184887886047,-0.1184908002614975,0,0.652642011642456,1.576030969619751,-0.03514900058507919,1,0.872098982334137,0.36240577697753906,-0.32879263162612915,0,0.10955218225717545,0.5102657675743103,0.8530106544494629,0,0.476907879114151,-0.7799301147460938,0.405300110578537,0,0,1.451390027999878,0,1,0.999204695224762,0.03940426558256149,-0.006168901454657316,0,-0.039423756301403046,0.9992175102233887,-0.003075217828154564,0,0.006042894907295704,0.003315972164273262,0.999975860118866,0,0,3.2703590393066406,0,1,0.9863920211791992,0.08483796566724777,-0.14082783460617065,0,-0.07595618069171906,0.9948378205299377,0.06729813665151596,0,0.1458103060722351,-0.055685609579086304,0.987744152545929,0,0,2.8214590549468994,0,1,0.9063079357147217,0.42261403799057007,-0.0019761063158512115,0,-0.4221189320087433,0.9049991369247437,-0.05284605547785759,0,-0.02054510824382305,0.04872894659638405,0.9986010789871216,0,-0.3050509989261627,0.43549299240112305,0,1,0.9170035719871521,-0.34506145119667053,-0.20009490847587585,0,0.37874460220336914,0.9106006026268005,0.16540655493736267,0,0.1251310557126999,-0.22746317088603973,0.9657136797904968,0,-0.06800000369548798,0.4198940098285675,0,1,0.9897580146789551,0.023917557671666145,0.14074093103408813,0,0.004318004008382559,0.9803991317749023,-0.19697561860084534,0,-0.14269335567951202,0.19556580483913422,0.9702540040016174,0,-0.004792999941855669,0.4857949912548065,0,1,0.9748411774635315,0.22031301259994507,-0.03385762497782707,0,-0.2169262319803238,0.9726377129554749,0.08317558467388153,0,0.05125587433576584,-0.07373838871717453,0.9959591627120972,0,0,0.9967560172080994,0,1,0.9987078905105591,0.0480014868080616,0.016675209626555443,0,-0.050482552498579025,0.974721372127533,0.21764308214187622,0,-0.005806495435535908,-0.21820379793643951,0.9758856892585754,0,0.060189999639987946,0.5512700080871582,0,1,0.9965933561325073,0.0823967307806015,-0.0033752084709703922,0,-0.08162574470043182,0.9914416670799255,0.10188222676515579,0,0.011741090565919876,-0.10125969350337982,0.9947903156280518,0,-0.026318000629544258,0.4993000030517578,0,1,0.18088090419769287,-0.01781853474676609,0.9833440184593201,0,-0.8731854557991028,-0.4630042612552643,0.1522279530763626,0,0.45257988572120667,-0.8861765265464783,-0.09930739551782608,0,-0.652642011642456,1.5792399644851685,-0.05662799999117851,1,0.7725946307182312,-0.45706069469451904,0.44067272543907166,0,-0.06494797766208649,0.6335458159446716,0.7709743976593018,0,-0.6315686702728271,-0.6242717504501343,0.45978912711143494,0,0,1.451390027999878,0,1,0.9841198325157166,-0.177278533577919,0.008973208256065845,0,0.17736934125423431,0.9840866327285767,-0.010615120641887188,0,-0.0069485874846577644,0.012038133107125759,0.9999038577079773,0,0,3.2765069007873535,0,1,0.8992867469787598,-0.10938764363527298,0.42346036434173584,0,0.09197957068681717,0.9938657879829407,0.06140037998557091,0,-0.42757919430732727,-0.016266847029328346,0.9038317799568176,0,0,2.8292040824890137,0,1,0.9004000425338745,-0.43489789962768555,-0.011979001574218273,0,0.4311541020870209,0.8956548571586609,-0.10912904888391495,0,0.05818900093436241,0.09309494495391846,0.9939550161361694,0,0.32116401195526123,0.5079699754714966,0,1,0.9162746667861938,0.3449161648750305,0.20364916324615479,0,-0.388877809047699,0.8878616094589233,0.2459183782339096,0,-0.0959910973906517,-0.3045235276222229,0.9476557374000549,0,0.08328499644994736,0.4735170006752014,0,1,0.9918363094329834,0.015759898349642754,-0.12653593719005585,0,-0.044757694005966187,0.9722232222557068,-0.22973842918872833,0,0.1194005161523819,0.23352636396884918,0.9649916291236877,0,-0.002070999937132001,0.4775800108909607,0,1,0.9699862003326416,-0.23656927049160004,0.05622943863272667,0,0.23256732523441315,0.9700942635536194,0.06949009001255035,0,-0.07098713517189026,-0.054327342659235,0.9959971308708191,0,0,1.0201549530029297,0,1,0.9999690055847168,-0.002206526231020689,-0.0075413561426103115,0,0.003651438746601343,0.9803282022476196,0.19733929634094238,0,0.006957571022212505,-0.19736075401306152,0.9803060293197632,0,-0.07540299743413925,0.5894140005111694,0,1,0.9871820211410522,-0.15941976010799408,-0.007515653036534786,0,0.15942643582820892,0.9828585982322693,0.09258361905813217,0,-0.007372838445007801,-0.09259512275457382,0.9956765174865723,0,0.0557279996573925,0.5480239987373352,0,1,-0.9443957805633545,-0.140227809548378,0.29740917682647705,0,0.19716084003448486,-0.9653599262237549,0.1709011346101761,0,0.26314204931259155,0.22003595530986786,0.9393300414085388,0,1.022987961769104,-0.6898429989814758,-0.1812169998884201,1,0.9984549880027771,0.05553862452507019,-0.001955484040081501,0,-0.05294778198003769,0.9400117993354797,-0.33700835704803467,0,-0.01687879115343094,0.3365909457206726,0.9414992928504944,0,0,5.231299877166748,0,1,0.9766935706138611,-0.0690319836139679,0.20323418080806732,0,-0.13451488316059113,0.5409896373748779,0.8302019238471985,0,-0.1672580987215042,-0.838191032409668,0.5190953016281128,0,0,4.76700496673584,0,1,0.9814538359642029,-0.014143887907266617,0.19117741286754608,0,-0.1127001941204071,0.7641573548316956,0.6351073980331421,0,-0.15507256984710693,-0.6448745727539062,0.7483914494514465,0,0,1.9788390398025513,0,1,-0.9746971726417542,-0.011105403304100037,-0.22325238585472107,0,-0.016330020502209663,-0.9925587177276611,0.12066876143217087,0,-0.22293120622634888,0.12126123160123825,0.9672629833221436,0,-1.022987961769104,-0.6898429989814758,-0.09872400015592575,1,0.9983606934547424,0.01596492901444435,-0.05495823174715042,0,-0.035424407571554184,0.9266155958175659,-0.3743385970592499,0,0.04494886100292206,0.3756718039512634,0.925662100315094,0,0,5.234388828277588,0,1,0.9924126863479614,0.08994985371828079,-0.0838245078921318,0,0.0384131520986557,0.4208066463470459,0.9063363671302795,0,0.11679872125387192,-0.9026796221733093,0.41415855288505554,0,0,4.769873142242432,0,1,0.9804595112800598,0.021390840411186218,-0.19555707275867462,0,0.1166803240776062,0.7371083498001099,0.6656250953674316,0,0.15838494896888733,-0.6754357814788818,0.7202086448669434,0,0,1.9828089475631714,0,1
K0.104,0.9917688965797424,-0.06517591327428818,0.11021478474140167,0,0.06871186196804047,0.9972270131111145,-0.028590526431798935,0,-0.10804564505815506,0.03592822328209877,0.9934961199760437,0,0.14058543741703033,11.738319396972656,-0.09313421696424484,1,0.9991815090179443,0.03788057714700699,-0.014173764735460281,0,-0.03893056884407997,0.9957790970802307,-0.08311265707015991,0,0.010965589433908463,0.08359646797180176,0.9964392781257629,0,0,1.2427419424057007,-0.1856590062379837,1,0.9997790455818176,0.020352955907583237,0.005247226916253567,0,-0.020480528473854065,0.9994646906852722,0.02552594244480133,0,-0.004724888596683741,-0.02562776394188404,0.9996604919433594,0,0,1.4659559726715088,0,1,0.999617338180542,0.02707458846271038,0.005607254803180695,0,-0.02720598690211773,0.9993212819099426,0.024854103103280067,0,-0.004930535331368446,-0.02499714493751526,0.9996756315231323,0,0,1.6753770112991333,0,1,0.997174084186554,0.018447743728756905,0.07282231003046036,0,-0.036275021731853485,0.9671180844306946,0.2517273426055908,0,-0.06578396260738373,-0.25365757942199707,0.9650540947914124,0,0,1.8847999572753906,0,1,0.988133430480957,0.05940001830458641,0.14164890348911285,0,-0.041493237018585205,0.9911397695541382,-0.12617725133895874,0,-0.14788872003555298,0.11880242824554443,0.9818425178527832,0,0,0.855912983417511,0.3470599949359894,1,0.253620445728302,0.012995117343962193,-0.9672163128852844,0,0.8787063360214233,-0.42114296555519104,0.22475335001945496,0,-0.404415488243103,-0.9069008827209473,-0.11822933703660965,0,0.652642011642456,1.576030969619751,-0.03514900058507919,1,0.8738594651222229,0.3464200496673584,-0.3411193788051605,0,0.12219961732625961,0.522606372833252,0.8437709808349609,0,0.4705706536769867,-0.7790223956108093,0.4143523573875427,0,0,1.451390027999878,0,1,0.9987857937812805,0.048874568194150925,-0.00620128633454442,0,-0.04889877885580063,0.9987965822219849,-0.0038141608238220215,0,0.006007407791912556,0.004112764727324247,0.999973714351654,0,0,3.2703590393066406,0,1,0.9885965585708618,0.07132588326931,-0.13262295722961426,0,-0.06306863576173782,0.9958606362342834,0.06545772403478622,0,0.13674281537532806,-0.05634693056344986,0.9890027642250061,0,0,2.8214590549468994,0,1,0.9063079357147217,0.42261403799057007,-0.0019761063158512115,0,-0.4221189320087433,0.9049991369247437,-0.05284605547785759,0,-0.02054510824382305,0.04872894659638405,0.9986010789871216,0,-0.3050509989261627,0.43549299240112305,0,1,0.9168722629547119,-0.34517499804496765,-0.20049940049648285,0,0.37909916043281555,0.910245954990387,0.16654101014137268,0,0.12501798570156097,-0.2287059873342514,0.9654347896575928,0,-0.06800000369548798,0.4198940098285675,0,1,0.9897586107254028,0.02393430471420288,0.14072859287261963,0,0.004302639048546553,0.9803944230079651,-0.19700071215629578,0,-0.14268450438976288,0.19558854401111603,0.9702501893043518,0,-0.004792999941855669,0.4857949912548065,0,1,0.9745760560035706,0.22153428196907043,-0.033533863723278046,0,-0.21808840334415436,0.9722436666488647,0.08473621308803558,0,0.05137502774596214,-0.07526848465204239,0.9958388209342957,0,0,0.9967560172080994,0,1,0.9987505674362183,0.04715520143508911,0.01653510518372059,0,-0.049620818346738815,0.9749590158462524,0.21677687764167786,0,-0.005898896139115095,-0.21732662618160248,0.9760812520980835,0,0.060189999639987946,0.5512700080871582,0,1,0.9966641664505005,0.08153906464576721,-0.0034015735145658255,0,-0.08078039437532425,0.9916035532951355,0.10098328441381454,0,0.01160709373652935,-0.10037163645029068,0.9948824048042297,0,-0.026318000629544258,0.4993000030517578,0,1,0.18177933990955353,-0.01759437285363674,0.9831815958023071,0,-0.8721809387207031,-0.4646610915660858,0.1529412567615509,0,0.45415520668029785,-0.8853135704994202,-0.09981117397546768,0,-0.652642011642456,1.5792399644851685,-0.05662799999117851,1,0.777970552444458,-0.44248151779174805,0.44606250524520874,0,-0.06591571122407913,0.6485539078712463,0.7583099007606506,0,-0.6248332858085632,-0.6193448901176453,0.4753890335559845,0,0,1.451390027999878,0,1,0.9755827784538269,-0.21942831575870514,0.009484867565333843,0,0.21954071521759033,0.9755145311355591,-0.013139130547642708,0,-0.006369529291987419,0.014900623820722103,0.999868631362915,0,0,3.2765069007873535,0,1,0.8930599093437195,-0.12536334991455078,0.43211978673934937,0,0.12141726911067963,0.9919179677963257,0.03683529794216156,0,-0.43324509263038635,0.019570671021938324,0.9010632634162903,0,0,2.8292040824890137,0,1,0.9004000425338745,-0.43489789962768555,-0.011979001574218273,0,0.4311541020870209,0.8956548571586609,-0.10912904888391495,0,0.05818900093436241,0.09309494495391846,0.9939550161361694,0,0.32116401195526123,0.5079699754714966,0,1,0.9141772985458374,0.3455705940723419,0.21180297434329987,0,-0.39254337549209595,0.8850123286247253,0.2503270208835602,0,-0.10094261914491653,-0.31198519468307495,0.9447097778320312,0,0.08328499644994736,0.4735170006752014,0,1,0.9923731088638306,0.012833071872591972,-0.12259975075721741,0,-0.04136200621724129,0.9715725779533386,-0.23310229182243347,0,0.11612312495708466,0.23639537394046783,0.9646931886672974,0,-0.002070999937132001,0.4775800108909607,0,1,0.9692606329917908,-0.2396678924560547,0.05561979115009308,0,0.23538875579833984,0.9690918922424316,0.07384351640939713,0,-0.0715985894203186,-0.05848132446408272,0.9957175254821777,0,0,1.0201549530029297,0,1,0.9999688863754272,-0.0021823286078870296,-0.007539054378867149,0,0.0036271181888878345,0.9803321957588196,0.1973189264535904,0,0.006960168015211821,-0.19734027981758118,0.980310320854187,0,-0.07540299743413925,0.5894140005111694,0,1,0.9871858358383179,-0.1593954861164093,-0.007514212746173143,0,0.1594022810459137,0.9828643798828125,0.09256218373775482,0,-0.007368546444922686,-0.09257391840219498,0.9956784248352051,0,0.0557279996573925,0.5480239987373352,0,1,-0.9430177807807922,-0.13945895433425903,0.3021083176136017,0,0.19884221255779266,-0.9641711711883545,0.17559736967086792,0,0.26679563522338867,0.225663423538208,0.9369614720344543,0,1.022987961769104,-0.6898429989814758,-0.1812169998884201,1,0.9982984662055969,0.05590538680553436,-0.016552839428186417,0,-0.058163613080978394,0.9351879358291626,-0.3493422567844391,0,-0.004050099290907383,0.3497108221054077,0.9368489384651184,0,0,5.231299877166748,0,1,0.9555516839027405,-0.07968016713857651,0.28385135531425476,0,-0.19848182797431946,0.5380600094795227,0.8192047476768494,0,-0.21800345182418823,-0.8391318917274475,0.49832913279533386,0,0,4.76700496673584,0,1,0.981436550617218,-0.014330913312733173,0.19125106930732727,0,-0.1127828061580658,0.7634280920028687,0.6359691619873047,0,-0.15512050688266754,-0.6457333564758301,0.7476401329040527,0,0,1.9788390398025513,0,1,-0.9609739780426025,0.004225967917591333,-0.276608943939209,0,-0.04577696695923805,-0.9885286092758179,0.14393238723278046,0,-0.27282729744911194,0.15097744762897491,0.9501426815986633,0,-1.022987961769104,-0.6898429989814758,-0.09872400015592575,1,0.996361255645752,0.0362464115023613,-0.07714226096868515,0,-0.06457697600126266,0.9117313027381897,-0.4056791663169861,0,0.05562862008810043,0.4091847836971283,0.9107547402381897,0,0,5.234388828277588,0,1,0.9897114038467407,0.12181050330400467,-0.07505298405885696,0,0.019272122532129288,0.4062885046005249,0.913541853427887,0,0.14177221059799194,-0.9055895209312439,0.39976099133491516,0,0,4.769873142242432,0,1,0.9805707335472107,0.020148612558841705,-0.19512765109539032,0,0.11612974852323532,0.7420514822006226,0.6602075099945068,0,0.15809708833694458,-0.670040488243103,0.7252944111824036,0,0,1.9828089475631714,0,1
