0.833,30,25,41
B0,mixamorig_Hips,-1,0.9995535016059875,-0.0015316848875954747,-0.02984832599759102,0,0.008702809922397137,0.970325767993927,0.2416447401046753,0,0.028592459857463837,-0.24179647862911224,0.9699053168296814,0,0.06059202179312706,11.476537704467773,0.3555298447608948,1
B1,mixamorig_Spine,0,0.9967098236083984,0.07743225991725922,0.023942984640598297,0,-0.07198451459407806,0.9814797043800354,-0.17752636969089508,0,-0.03724582865834236,0.17521879076957703,0.983824610710144,0,0,1.1871720552444458,-0.18419000506401062,1
B2,mixamorig_Spine1,1,0.9972739815711975,-0.023391740396618843,0.06998195499181747,0,0.023793775588274002,0.9997050166130066,-0.004916583653539419,0,-0.06984629482030869,0.006568314973264933,0.9975362420082092,0,0,1.4016029834747314,0,1
B3,mixamorig_Spine2,2,0.9973350167274475,-0.020662358030676842,0.06996859610080719,0,0.021825388073921204,0.9996353387832642,-0.015898557379841805,0,-0.06961461156606674,0.017383288592100143,0.9974227547645569,0,0,1.6018329858779907,0,1
B4,mixamorig_Neck,3,0.9995557069778442,0.007406291551887989,-0.028887998312711716,0,-0.0021333491895347834,0.983947217464447,0.17844773828983307,0,0.029745880514383316,-0.1783067137002945,0.9835250973701477,0,0,1.8020609617233276,0,1
B5,mixamorig_Head,4,0.9901764988899231,-0.0009960312163457274,-0.1398220807313919,0,-0.0779716968536377,0.8261315226554871,-0.5580562353134155,0,0.11606725305318832,0.5634762048721313,0.8179382085800171,0,0,0.876151978969574,0.3483310043811798,1
B6,mixamorig_HeadTop_End,5,1,0,0,0,0,1,0,0,0,0,1,0,0,2.8381810188293457,1.1283719539642334,1
B7,mixamorig_LeftShoulder,3,-0.15447406470775604,0.006899717729538679,-0.9879724979400635,0,0.930406928062439,-0.3354009985923767,-0.14781571924686432,0,-0.33238691091537476,-0.9420503973960876,0.045391157269477844,0,0.6684079766273499,1.4949359893798828,-0.03617100045084953,1
B8,mixamorig_LeftArm,7,0.8380335569381714,0.492989718914032,-0.2337946742773056,0,-0.16947105526924133,0.6424912214279175,0.7473187446594238,0,0.5186313986778259,-0.5866566896438599,0.6219765543937683,0,0,1.5037169456481934,0,1
B9,mixamorig_LeftForeArm,8,-0.4357204735279083,0.8936589956283569,-0.10734038054943085,0,-0.8939294815063477,-0.44357359409332275,-0.06428306549787521,0,-0.10506047308444977,0.06794526427984238,0.9921419620513916,0,0,3.3016510009765625,0,1
B10,mixamorig_LeftHand,9,0.9918491244316101,0.022449981421232224,0.12542535364627838,0,-0.010500838048756123,0.9954098463058472,-0.09512978792190552,0,-0.12698519229888916,0.09303726255893707,0.9875314831733704,0,0,2.7329390048980713,0,1
B11,mixamorig_LeftHandThumb1,10,0.9155569076538086,0.4018761217594147,0.015854235738515854,0,-0.39986884593963623,0.913796067237854,-0.0712800920009613,0,-0.04313330724835396,0.058921366930007935,0.9973300099372864,0,-0.31367599964141846,0.46373501420021057,0,1
B12,mixamorig_LeftHandThumb2,11,0.9859979748725891,-0.15535932779312134,0.060587938874959946,0,0.1338421255350113,0.9540249109268188,0.26818206906318665,0,-0.09946706891059875,-0.25631794333457947,0.9614610075950623,0,-0.06563899666070938,0.4430510103702545,0,1
B13,mixamorig_LeftHandThumb3,12,0.998638927936554,-0.0034673623740673065,0.05204108729958534,0,0.0004596373182721436,0.9983339309692383,0.05769621953368187,0,-0.05215445160865784,-0.05759378522634506,0.9969769716262817,0,0.0031789999920874834,0.48552098870277405,0,1
B14,mixamorig_LeftHandThumb4,13,1,0,0,0,0,1,0,0,0,0,1,0,0.062460001558065414,0.4080809950828552,0,1
B15,mixamorig_LeftHandIndex1,10,0.9171679615974426,0.3955015540122986,0.04879214987158775,0,-0.38831594586372375,0.8595010638237,0.33236783742904663,0,0.08951514959335327,-0.32378408312797546,0.9418870210647583,0,0,0.9771119952201843,0,1
B16,mixamorig_LeftHandIndex2,15,0.9944040179252625,0.10341674834489822,0.021557960659265518,0,-0.10547125339508057,0.9603980183601379,0.25790002942085266,0,0.005966959986835718,-0.25873053073883057,0.9659309983253479,0,0.05210400000214577,0.5617660284042358,0,1
B17,mixamorig_LeftHandIndex3,16,0.9904199838638306,0.13806207478046417,0.002809935947880149,0,-0.13723789155483246,0.9818419218063354,0.1309691071510315,0,0.01532293576747179,-0.13009989261627197,0.9913820028305054,0,-0.029978999868035316,0.5294229984283447,0,1
B18,mixamorig_LeftHandIndex4,17,1,0,0,0,0,1,0,0,0,0,1,0,-0.02212500013411045,0.491921991109848,0,1
B19,mixamorig_RightShoulder,3,-0.1360742747783661,0.003277451265603304,0.9906933903694153,0,-0.9313671588897705,-0.3412884771823883,-0.12679655849933624,0,0.3376966118812561,-0.9399529099464417,0.04949304461479187,0,-0.6684079766273499,1.4984140396118164,-0.058591000735759735,1
B20,mixamorig_RightArm,19,0.6861377358436584,-0.0669165700674057,0.724387526512146,0,-0.49456652998924255,0.6873407363891602,0.5319463014602661,0,-0.5334969758987427,-0.7232460379600525,0.4385156035423279,0,0,1.5037169456481934,0,1
B21,mixamorig_RightForeArm,20,0.054154105484485626,-0.9969836473464966,0.05558808892965317,0,0.9972896575927734,0.05122622475028038,-0.05281021445989609,0,0.049803391098976135,0.05829735845327377,0.9970563054084778,0,0,3.307734966278076,0,1
B22,mixamorig_RightHand,21,0.7097433805465698,-0.18166373670101166,0.6806337833404541,0,0.15192829072475433,0.9829134941101074,0.10391734540462494,0,-0.6878824234008789,0.02965288795530796,0.7252165079116821,0,0,2.741194009780884,0,1
B23,mixamorig_RightHandThumb1,22,0.9276079535484314,-0.37286803126335144,-0.022651847451925278,0,0.3692999482154846,0.924480140209198,-0.09462862461805344,0,0.05622515827417374,0.07941291481256485,0.9952549934387207,0,0.31780698895454407,0.5204169750213623,0,1
B24,mixamorig_RightHandThumb2,23,0.984824001789093,0.16548213362693787,-0.052311915904283524,0,-0.143067866563797,0.9447060227394104,0.2950628995895386,0,0.09824708849191666,-0.28310105204582214,0.9540449380874634,0,0.08337199687957764,0.4806489944458008,0,1
B25,mixamorig_RightHandThumb3,24,0.9829069972038269,-0.17338693141937256,-0.06188696622848511,0,0.17548660933971405,0.984017014503479,0.030237743631005287,0,0.05565503239631653,-0.040581248700618744,0.997624933719635,0,0.015426999889314175,0.47726699709892273,0,1
B26,mixamorig_RightHandThumb4,25,1,0,0,0,0,1,0,0,0,0,1,0,-0.09879899770021439,0.36491599678993225,0,1
B27,mixamorig_RightHandIndex1,22,0.9103389978408813,-0.4125191271305084,-0.033337000757455826,0,0.40023887157440186,0.8570099472999573,0.32456621527671814,0,-0.105319544672966,-0.3088077902793884,0.945275068283081,0,0,1.004459023475647,0,1
B28,mixamorig_RightHandIndex2,27,0.993602991104126,-0.11061897873878479,-0.02273694984614849,0,0.11280503123998642,0.962643027305603,0.24615596234798431,0,-0.005341950338333845,-0.24714604020118713,0.9689630270004272,0,-0.05621400102972984,0.588358998298645,0,1
B29,mixamorig_RightHandIndex3,28,0.9905970096588135,-0.13679693639278412,-0.0017890131566673517,0,0.13594406843185425,0.9827850461006165,0.1251140981912613,0,-0.01535701286047697,-0.12418089807033539,0.9921410083770752,0,0.03230699896812439,0.5530980229377747,0,1
B30,mixamorig_RightHandIndex4,29,1,0,0,0,0,1,0,0,0,0,1,0,0.02390800043940544,0.4435960054397583,0,1
B31,mixamorig_LeftUpLeg,0,-0.9454319477081299,-0.045609086751937866,0.3226128816604614,0,0.06761181354522705,-0.9960637092590332,0.057321999222040176,0,0.318728506565094,0.0760064646601677,0.9447939991950989,0,1.0144129991531372,-0.6594070196151733,-0.17839199304580688,1
B32,mixamorig_LeftLeg,31,0.9940271377563477,0.10883379727602005,0.00808956939727068,0,-0.05977282673120499,0.6049505472183228,-0.7940165400505066,0,-0.09130959212779999,0.7887901663780212,0.6078423857688904,0,0,5.199635982513428,0,1
B33,mixamorig_LeftFoot,32,0.9781103730201721,0.2059648483991623,0.02963241934776306,0,-0.18311594426631927,0.7843301892280579,0.5927008390426636,0,0.09883397072553635,-0.5851532220840454,0.8048773407936096,0,0,5.087769031524658,0,1
B34,mixamorig_LeftToeBase,33,0.983490526676178,0.006043474655598402,0.1808600127696991,0,-0.10335668176412582,0.839143693447113,0.5339984893798828,0,-0.14854033291339874,-0.5438756346702576,0.8259145617485046,0,0,1.9792859554290771,0,1
B35,mixamorig_LeftToe_End,34,1,0,0,0,0,1,0,0,0,0,1,0,0,0.7514510154724121,0,1
B36,mixamorig_RightUpLeg,0,-0.9998348951339722,-0.015665290877223015,0.009217491373419762,0,0.017522599548101425,-0.6960139274597168,0.7178141474723816,0,-0.004829267039895058,0.717857301235199,0.6961734294891357,0,-1.0144129991531372,-0.6594070196151733,-0.1146169975399971,1
B37,mixamorig_RightLeg,36,0.9897594451904297,0.02979978546500206,-0.1395975649356842,0,-0.1016523540019989,0.8337191939353943,-0.5427510738372803,0,0.10021134465932846,0.5513836741447449,0.8282110095024109,0,0,5.200582981109619,0,1
B38,mixamorig_RightFoot,37,0.9885614514350891,-0.12387161701917648,-0.08603203296661377,0,0.12096463888883591,0.3105412423610687,0.9428317546844482,0,-0.09007363021373749,-0.9424543380737305,0.3219733238220215,0,0,5.092588901519775,0,1
B39,mixamorig_RightToeBase,38,0.9825102686882019,0.00010445891530252993,-0.18620812892913818,0,0.1070464476943016,0.8179236650466919,0.5652796626091003,0,0.15236321091651917,-0.5753264427185059,0.8036078810691833,0,0,1.9834200143814087,0,1
B40,mixamorig_RightToe_End,39,1,0,0,0,0,1,0,0,0,0,1,0,0,0.7490540146827698,0,1
@34,0,1,2,3,4,5,7,8,9,10,11,12,13,15,16,17,19,20,21,22,23,24,25,27,28,29,31,32,33,34,36,37,38,39
K0.000,0.9833860397338867,-0.06296472251415253,0.17025664448738098,0,0.03989926353096962,0.9899528622627258,0.13565243780612946,0,-0.17708735167980194,-0.1266055852174759,0.976017951965332,0,-0.0629820004105568,10.69336986541748,0.1419219970703125,1,0.9968950152397156,0.06735192239284515,-0.04078298062086105,0,-0.07001806795597076,0.9952309727668762,-0.06791915744543076,0,0.03601401299238205,0.07056383788585663,0.9968570470809937,0,0,1.1871720552444458,-0.18419000506401062,1,0.9964870810508728,-0.0006862691952846944,-0.08373972028493881,0,0.007316730450838804,0.9968559145927429,0.07889822870492935,0,0.08342228829860687,-0.07923376560211182,0.9933590292930603,0,0,1.4016029834747314,0,1,0.9967929720878601,-0.0029781602788716555,-0.07996981590986252,0,0.00916984025388956,0.9969760179519653,0.07717008888721466,0,0.07949817180633545,-0.07765591144561768,0.993806004524231,0,0,1.6018329858779907,0,1,0.9998080730438232,0.018839774653315544,-0.005357331596314907,0,-0.017864225432276726,0.9892699718475342,0.14500275254249573,0,0.008031669072806835,-0.14487925171852112,0.9894170165061951,0,0,1.8020609617233276,0,1,0.9988539814949036,0.011832263320684433,-0.046369291841983795,0,-0.034494735300540924,0.8496249318122864,-0.5262580513954163,0,0.0331697091460228,0.5272548794746399,0.84906005859375,0,0,0.876151978969574,0.3483310043811798,1,-0.13778682053089142,0.0076272934675216675,-0.9904330372810364,0,0.9309890866279602,-0.3402937948703766,-0.1321377158164978,0,-0.33804571628570557,-0.9402880668640137,0.03978704288601875,0,0.6684079766273499,1.4949359893798828,-0.03617100045084953,1,0.8201237916946411,0.06754686683416367,-0.5681842565536499,0,0.40878385305404663,0.6256510019302368,0.6644219756126404,0,0.4003647267818451,-0.7771729230880737,0.4854992628097534,0,0,1.5037169456481934,0,1,-0.29321202635765076,0.9511049389839172,-0.09709285944700241,0,-0.9513930082321167,-0.30028489232063293,-0.06841454654932022,0,-0.09422486275434494,0.07231344282627106,0.992920994758606,0,0,3.3016510009765625,0,1,0.9836219549179077,0.11108528822660446,-0.14194583892822266,0,-0.12356268614530563,0.9889169931411743,-0.08231902122497559,0,0.13122814893722534,0.09850995987653732,0.986445963382721,0,0,2.7329390048980713,0,1,0.9155569076538086,0.4018761217594147,0.015854407101869583,0,-0.39986884593963623,0.913796067237854,-0.07128041237592697,0,-0.04313359037041664,0.05892159417271614,0.9973300695419312,0,-0.31367599964141846,0.46373501420021057,0,1,0.9859980344772339,-0.15535959601402283,0.06058789789676666,0,0.13384239375591278,0.9540248513221741,0.26818206906318665,0,-0.09946709126234055,-0.2563179135322571,0.9614610075950623,0,-0.06563899666070938,0.4430510103702545,0,1,0.9986389875411987,-0.0034668969456106424,0.05204183608293533,0,0.0004591034085024148,0.9983339905738831,0.05769670754671097,0,-0.05215516313910484,-0.05759429559111595,0.996976912021637,0,0.0031789999920874834,0.48552098870277405,0,1,0.9171680808067322,0.39550185203552246,0.048792194575071335,0,-0.3883161246776581,0.8595009446144104,0.33236783742904663,0,0.08951518684625626,-0.32378408312797546,0.9418870210647583,0,0,0.9771119952201843,0,1,0.9944040179252625,0.10341674834489822,0.021557971835136414,0,-0.10547125339508057,0.9603979587554932,0.2579002380371094,0,0.005966972094029188,-0.25873076915740967,0.9659310579299927,0,0.05210400000214577,0.5617660284042358,0,1,0.9904199838638306,0.13806207478046417,0.002809935947880149,0,-0.13723789155483246,0.9818419218063354,0.1309691071510315,0,0.01532293576747179,-0.13009989261627197,0.9913820028305054,0,-0.029978999868035316,0.5294229984283447,0,1,-0.14489004015922546,0.005705354269593954,0.9894310235977173,0,-0.9345277547836304,-0.3293115496635437,-0.13495120406150818,0,0.3250611126422882,-0.9442039132118225,0.05304574966430664,0,-0.6684079766273499,1.4984140396118164,-0.058591000735759735,1,0.895680844783783,-0.3778902590274811,0.23442314565181732,0,0.1045677438378334,0.69134521484375,0.714917778968811,0,-0.43222784996032715,-0.6158251762390137,0.6587399244308472,0,0,1.5037169456481934,0,1,-0.17788203060626984,-0.9817079901695251,0.06787524372339249,0,0.9820090532302856,-0.1815319061279297,-0.05200088769197464,0,0.06337124854326248,0.05740411579608917,0.9963379502296448,0,0,3.307734966278076,0,1,0.7612639665603638,-0.049758270382881165,0.6465311646461487,0,0.16018474102020264,0.9805811047554016,-0.11314358562231064,0,-0.6283459067344666,0.18969641625881195,0.7544509768486023,0,0,2.741194009780884,0,1,0.9276079535484314,-0.37286806106567383,-0.02265230007469654,0,0.36929991841316223,0.9244800806045532,-0.0946289449930191,0,0.056225698441267014,0.0794130489230156,0.9952549934387207,0,0.31780698895454407,0.5204169750213623,0,1,0.9848240613937378,0.16548164188861847,-0.052311986684799194,0,-0.1430673599243164,0.9447059631347656,0.2950628697872162,0,0.09824701398611069,-0.28310108184814453,0.9540449380874634,0,0.08337199687957764,0.4806489944458008,0,1,0.9829069972038269,-0.17338664829730988,-0.061886999756097794,0,0.17548634111881256,0.9840169548988342,0.030238252133131027,0,0.055654995143413544,-0.04058174788951874,0.9976249933242798,0,0.015426999889314175,0.47726699709892273,0,1,0.9103390574455261,-0.41251906752586365,-0.033337272703647614,0,0.40023893117904663,0.8570099472999573,0.32456618547439575,0,-0.10531927645206451,-0.3088078498840332,0.9452750086784363,0,0,1.004459023475647,0,1,0.993602991104126,-0.11061897873878479,-0.02273694984614849,0,0.11280503123998642,0.962643027305603,0.24615596234798431,0,-0.005341950338333845,-0.24714604020118713,0.9689630270004272,0,-0.05621400102972984,0.588358998298645,0,1,0.9905970096588135,-0.13679686188697815,-0.001790013280697167,0,0.13594414293766022,0.9827850461006165,0.12511402368545532,0,-0.015356013551354408,-0.12418096512556076,0.9921410083770752,0,0.03230699896812439,0.5530980229377747,0,1,-0.9738978743553162,0.0007232471834868193,0.22698502242565155,0,0.15901124477386475,-0.7114431262016296,0.6845177412033081,0,0.16198194026947021,0.7027432322502136,0.6927577257156372,0,1.0144129991531372,-0.6594070196151733,-0.17839199304580688,1,0.9905779361724854,0.12295300513505936,-0.06032109633088112,0,-0.025984972715377808,-0.2637149393558502,-0.9642510414123535,0,-0.1344650834798813,0.9567330479621887,-0.25803521275520325,0,0,5.199635982513428,0,1,0.949393093585968,0.30806562304496765,0.06121976673603058,0,-0.21877336502075195,0.5087450742721558,0.8326568007469177,0,0.22536775469779968,-0.8039121627807617,0.5503957867622375,0,0,5.087769031524658,0,1,0.9826520085334778,-0.0026011979207396507,0.18544065952301025,0,-0.10724319517612457,0.8078039288520813,0.5796140432357788,0,-0.15130732953548431,-0.589445948600769,0.793510913848877,0,0,1.9792859554290771,0,1,-0.9928668737411499,-0.09528127312660217,0.07167105376720428,0,0.1144317165017128,-0.9303159117698669,0.34845006465911865,0,0.03347595036029816,0.3541659414768219,0.9345830678939819,0,-1.0144129991531372,-0.6594070196151733,-0.1146169975399971,1,0.9980900883674622,0.0393386073410511,-0.04763299971818924,0,-0.061684396117925644,0.592349112033844,-0.8033168911933899,0,-0.0033859966788440943,0.8047201037406921,0.5936439037322998,0,0,5.200582981109619,0,1,0.9866249561309814,-0.11050307750701904,-0.11983112245798111,0,0.11226194351911545,-0.07236909866333008,0.9910399913787842,0,-0.1181851178407669,-0.9912380576133728,-0.058995913714170456,0,0,5.092588901519775,0,1,0.982422947883606,0.001008173101581633,-0.18666422367095947,0,0.10745217651128769,0.8146399855613708,0.5699259042739868,0,0.15263879299163818,-0.5799660086631775,0.8002129793167114,0,0,1.9834200143814087,0,1
K0.035,0.9830886125564575,-0.051775235682725906,0.17566178739070892,0,0.024622416123747826,0.9878619909286499,0.153367280960083,0,-0.18147023022174835,-0.14644841849803925,0.9724308252334595,0,-0.056190647184848785,10.932106971740723,0.12669089436531067,1,0.9972840547561646,0.05782230198383331,-0.04561300203204155,0,-0.06109573692083359,0.9953864216804504,-0.07397599518299103,0,0.04112514853477478,0.07656192779541016,0.9962168335914612,0,0,1.1871720552444458,-0.18419000506401062,1,0.9945181608200073,-0.008875987492501736,-0.10418496280908585,0,0.015794457867741585,0.9977101683616638,0.06576968729496002,0,0.10336259007453918,-0.06705466657876968,0.992380678653717,0,0,1.4016029834747314,0,1,0.9948214888572693,-0.009695540182292461,-0.10117913782596588,0,0.016335079446434975,0.9977510571479797,0.06500107049942017,0,0.10032133758068085,-0.06631720066070557,0.9927421808242798,0,0,1.6018329858779907,0,1,0.9998342394828796,0.017907114699482918,0.0033356109634041786,0,-0.018200380727648735,0.989499568939209,0.14338630437850952,0,-0.0007329501095227897,-0.1434231698513031,0.9896609783172607,0,0,1.8020609617233276,0,1,0.999222993850708,0.03868886083364487,-0.007551067508757114,0,-0.03717533126473427,0.8611969947814941,-0.5069104433059692,0,-0.01310882531106472,0.5067970752716064,0.8619657158851624,0,0,0.876151978969574,0.3483310043811798,1,-0.13650372624397278,0.007799357175827026,-0.9906085133552551,0,0.9308350086212158,-0.3411719799041748,-0.13095323741436005,0,-0.3389893174171448,-0.9399689435958862,0.03931137174367905,0,0.6684079766273499,1.4949359893798828,-0.03617100045084953,1,0.7581577897071838,0.007167282048612833,-0.6520316004753113,0,0.4987764358520508,0.6377224326133728,0.5869684219360352,0,0.4200221300125122,-0.7702326774597168,0.4799193739891052,0,0,1.5037169456481934,0,1,-0.3075501024723053,0.9464595913887024,-0.09812317043542862,0,-0.9467461109161377,-0.3147014081478119,-0.06808077543973923,0,-0.0953151136636734,0.07195942103862762,0.992842435836792,0,0,3.3016510009765625,0,1,0.9851425290107727,0.1078445240855217,-0.13365699350833893,0,-0.12098678946495056,0.988150954246521,-0.09443993121385574,0,0.12188847362995148,0.10920752584934235,0.9865173697471619,0,0,2.7329390048980713,0,1,0.9155569672584534,0.4018760919570923,0.015854014083743095,0,-0.3998688757419586,0.913796067237854,-0.07127981632947922,0,-0.04313298687338829,0.058921195566654205,0.9973300099372864,0,-0.31367599964141846,0.46373501420021057,0,1,0.9859979152679443,-0.15535908937454224,0.060587964951992035,0,0.13384193181991577,0.9540250301361084,0.26818209886550903,0,-0.09946703910827637,-0.25631794333457947,0.9614610075950623,0,-0.06563899666070938,0.4430510103702545,0,1,0.998638927936554,-0.003467348637059331,0.05204131454229355,0,0.00045960923307575285,0.9983339309692383,0.05769623816013336,0,-0.05215467885136604,-0.05759380757808685,0.9969769716262817,0,0.0031789999920874834,0.48552098870277405,0,1,0.9171680808067322,0.39550185203552246,0.048792194575071335,0,-0.3883161246776581,0.8595009446144104,0.33236783742904663,0,0.08951518684625626,-0.32378408312797546,0.9418870210647583,0,0,0.9771119952201843,0,1,0.9944040179252625,0.10341675579547882,0.021557945758104324,0,-0.10547126084566116,0.9603980779647827,0.25789979100227356,0,0.005966946016997099,-0.2587302625179291,0.9659309387207031,0,0.05210400000214577,0.5617660284042358,0,1,0.9904199838638306,0.13806207478046417,0.002809935947880149,0,-0.13723789155483246,0.9818419218063354,0.1309691071510315,0,0.01532293576747179,-0.13009989261627197,0.9913820028305054,0,-0.029978999868035316,0.5294229984283447,0,1,-0.15674836933612823,0.007917314767837524,0.9876071214675903,0,-0.934985876083374,-0.32333141565322876,-0.14580458402633667,0,0.3181697130203247,-0.9462522864341736,0.058084264397621155,0,-0.6684079766273499,1.4984140396118164,-0.058591000735759735,1,0.8704055547714233,-0.45507562160491943,0.18788382411003113,0,0.1990075260400772,0.6742538809776306,0.7111803889274597,0,-0.45032235980033875,-0.5816251635551453,0.677437961101532,0,0,1.5037169456481934,0,1,-0.21896550059318542,-0.9732150435447693,0.07005003839731216,0,0.9735129475593567,-0.22274310886859894,-0.05155159533023834,0,0.06577392667531967,0.05690658092498779,0.9962102174758911,0,0,3.307734966278076,0,1,0.766408383846283,-0.0023044096305966377,0.6423493027687073,0,0.1694067418575287,0.9653155207633972,-0.19866177439689636,0,-0.6196122169494629,0.2610744535923004,0.7402166128158569,0,0,2.741194009780884,0,1,0.9276079535484314,-0.37286803126335144,-0.022651812061667442,0,0.3692999482154846,0.9244800806045532,-0.09462880343198776,0,0.05622519552707672,0.07941310107707977,0.9952549934387207,0,0.31780698895454407,0.5204169750213623,0,1,0.984824001789093,0.16548213362693787,-0.05231191962957382,0,-0.143067866563797,0.9447060227394104,0.2950628697872162,0,0.09824708849191666,-0.28310102224349976,0.9540449976921082,0,0.08337199687957764,0.4806489944458008,0,1,0.9829069375991821,-0.17338714003562927,-0.06188700720667839,0,0.17548686265945435,0.984017014503479,0.03023822046816349,0,0.05565498769283295,-0.04058174043893814,0.9976249933242798,0,0.015426999889314175,0.47726699709892273,0,1,0.9103390574455261,-0.41251906752586365,-0.033337272703647614,0,0.40023893117904663,0.8570099472999573,0.32456618547439575,0,-0.10531927645206451,-0.3088078498840332,0.9452750086784363,0,0,1.004459023475647,0,1,0.993602991104126,-0.11061897873878479,-0.022736946120858192,0,0.11280503123998642,0.9626430869102478,0.24615585803985596,0,-0.005341946147382259,-0.24714617431163788,0.9689639806747437,0,-0.05621400102972984,0.588358998298645,0,1,0.9905970096588135,-0.13679692149162292,-0.0017890548333525658,0,0.13594408333301544,0.9827850461006165,0.1251140981912613,0,-0.015356971882283688,-0.12418090552091599,0.9921410083770752,0,0.03230699896812439,0.5530980229377747,0,1,-0.9822287559509277,0.024018676951527596,0.1861439198255539,0,0.12615112960338593,-0.6498544216156006,0.7495164275169373,0,0.13896891474723816,0.7596793174743652,0.6352761387825012,0,1.0144129991531372,-0.6594070196151733,-0.17839199304580688,1,0.9898038506507874,0.13418468832969666,-0.04777215048670769,0,-0.02929399535059929,-0.1364486813545227,-0.9902135133743286,0,-0.1393900364637375,0.9815173149108887,-0.13112671673297882,0,0,5.199635982513428,0,1,0.9550395607948303,0.2891879677772522,0.06533873081207275,0,-0.204080730676651,0.48137861490249634,0.8524231314659119,0,0.215057834982872,-0.8274321556091309,0.5187532901763916,0,0,5.087769031524658,0,1,0.9826077222824097,-0.0030656771268695593,0.1856694221496582,0,-0.10745318233966827,0.8060747385025024,0.581977903842926,0,-0.15144748985767365,-0.5918062925338745,0.7917253375053406,0,0,1.9792859554290771,0,1,-0.9956830739974976,-0.0714450553059578,0.05925167724490166,0,0.08235373347997665,-0.9744634032249451,0.20889924466609955,0,0.04281378164887428,0.2128770798444748,0.9761406779289246,0,-1.0144129991531372,-0.6594070196151733,-0.1146169975399971,1,0.9984995126724243,0.03817995265126228,-0.039261650294065475,0,-0.05474641174077988,0.7144553065299988,-0.6975354552268982,0,0.001418820582330227,0.6986382007598877,0.715473473072052,0,0,5.200582981109619,0,1,0.9879699349403381,-0.10990835726261139,-0.10878928750753403,0,0.1083565354347229,-0.009920785203576088,0.9940626621246338,0,-0.11033512651920319,-0.9938924312591553,0.0021078528370708227,0,0,5.092588901519775,0,1,0.9805538654327393,0.02062087506055832,-0.1951656937599182,0,0.11624016612768173,0.7402321696281433,0.6622269749641418,0,0.15812356770038605,-0.6720350384712219,0.7234402894973755,0,0,1.9834200143814087,0,1
K0.069,0.9851220846176147,-0.03485822677612305,0.16828596591949463,0,0.004482729360461235,0.9840927124023438,0.17760062217712402,0,-0.1717997044324875,-0.1742037832736969,0.9696069955825806,0,-0.04446046054363251,11.285622596740723,0.13308179378509521,1,0.9977077841758728,0.04624060168862343,-0.049408573657274246,0,-0.05067331716418266,0.9944136738777161,-0.09259279817342758,0,0.044850997626781464,0.09488420933485031,0.9944770932197571,0,0,1.1871720552444458,-0.18419000506401062,1,0.9926371574401855,-0.020238090306520462,-0.11942614614963531,0,0.025845224037766457,0.9986255168914795,0.04559014365077019,0,0.11833927035331726,-0.048341043293476105,0.9917953610420227,0,0,1.4016029834747314,0,1,0.9929193258285522,-0.02065715380012989,-0.11698038876056671,0,0.02620932087302208,0.9985918998718262,0.04612458869814873,0,0.11586286127567291,-0.0488639697432518,0.9920625686645508,0,0,1.6018329858779907,0,1,0.9997402429580688,0.019078558310866356,0.012508692219853401,0,-0.020714450627565384,0.9888715147972107,0.14732375741004944,0,-0.00955876149237156,-0.14754454791545868,0.989009439945221,0,0,1.8020609617233276,0,1,0.9970254302024841,0.07003960013389587,0.03218284249305725,0,-0.045161716639995575,0.8691651225090027,-0.4924549460411072,0,-0.06246357411146164,0.4895368218421936,0.8697430491447449,0,0,0.876151978969574,0.3483310043811798,1,-0.12896016240119934,0.007626817096024752,-0.9916207194328308,0,0.9323549270629883,-0.3396654427051544,-0.12386506795883179,0,-0.33776384592056274,-0.9405158758163452,0.036692336201667786,0,0.6684079766273499,1.4949359893798828,-0.03617100045084953,1,0.6928151249885559,-0.061180777847766876,-0.718515157699585,0,0.579097330570221,0.6409569382667542,0.5038072466850281,0,0.4297139644622803,-0.7651354074478149,0.47949427366256714,0,0,1.5037169456481934,0,1,-0.33825013041496277,0.9356928467750549,-0.10033115744590759,0,-0.9359765648841858,-0.3455697298049927,-0.06730660796165466,0,-0.09764967858791351,0.07114110887050629,0.9926750063896179,0,0,3.3016510009765625,0,1,0.9891678690910339,0.10070309042930603,-0.1067972481250763,0,-0.11187354475259781,0.9882281422615051,-0.10434804856777191,0,0.09503195434808731,0.11516562104225159,0.9887903332710266,0,0,2.7329390048980713,0,1,0.9155569672584534,0.4018760919570923,0.015854014083743095,0,-0.3998688757419586,0.913796067237854,-0.07127981632947922,0,-0.04313298687338829,0.058921195566654205,0.9973300099372864,0,-0.31367599964141846,0.46373501420021057,0,1,0.9859979152679443,-0.15535905957221985,0.06058797985315323,0,0.13384200632572174,0.9540258646011353,0.2681821584701538,0,-0.09946702420711517,-0.2563178241252899,0.961461067199707,0,-0.06563899666070938,0.4430510103702545,0,1,0.998638927936554,-0.003466881113126874,0.05204132944345474,0,0.00045911886263638735,0.9983339905738831,0.057696666568517685,0,-0.05215466395020485,-0.05759425461292267,0.9969769716262817,0,0.0031789999920874834,0.48552098870277405,0,1,0.9171680808067322,0.39550185203552246,0.04879223555326462,0,-0.38831615447998047,0.8595009446144104,0.33236783742904663,0,0.08951514959335327,-0.32378411293029785,0.9418870210647583,0,0,0.9771119952201843,0,1,0.9944040179252625,0.10341675579547882,0.021557945758104324,0,-0.10547126084566116,0.9603980779647827,0.25789979100227356,0,0.005966946016997099,-0.2587302625179291,0.9659309387207031,0,0.05210400000214577,0.5617660284042358,0,1,0.9904199838638306,0.13806207478046417,0.002809935947880149,0,-0.13723789155483246,0.9818419218063354,0.1309691071510315,0,0.01532293576747179,-0.13009989261627197,0.9913820028305054,0,-0.029978999868035316,0.5294229984283447,0,1,-0.16743794083595276,0.009875668212771416,0.985832929611206,0,-0.9347208738327026,-0.31952908635139465,-0.15555591881275177,0,0.31346607208251953,-0.9475246667861938,0.06273222714662552,0,-0.6684079766273499,1.4984140396118164,-0.058591000735759735,1,0.8326919078826904,-0.5234081745147705,0.18074224889278412,0,0.26186704635620117,0.6598191261291504,0.7043187618255615,0,-0.4879034757614136,-0.5391501188278198,0.686489462852478,0,0,1.5037169456481934,0,1,-0.2422817498445511,-0.9675838947296143,0.0712856873869896,0,0.9678798317909241,-0.24613182246685028,-0.051252543926239014,0,0.06713683903217316,0.056578442454338074,0.9961385726928711,0,0,3.307734966278076,0,1,0.7834232449531555,0.030556224286556244,0.6207365393638611,0,0.15662549436092377,0.9568455815315247,-0.24477636814117432,0,-0.601428210735321,0.28898653388023376,0.7448288798332214,0,0,2.741194009780884,0,1,0.9276079535484314,-0.37286800146102905,-0.02265198528766632,0,0.36929988861083984,0.9244800806045532,-0.09462789446115494,0,0.0562250129878521,0.07941218465566635,0.9952549934387207,0,0.31780698895454407,0.5204169750213623,0,1,0.984824001789093,0.16548213362693787,-0.05231194570660591,0,-0.1430678814649582,0.9447059035301208,0.29506242275238037,0,0.09824705123901367,-0.2831006348133087,0.9540451169013977,0,0.08337199687957764,0.4806489944458008,0,1,0.9829069375991821,-0.17338715493679047,-0.061886969953775406,0,0.17548684775829315,0.9840170741081238,0.03023773804306984,0,0.05565502867102623,-0.04058125615119934,0.997624933719635,0,0.015426999889314175,0.47726699709892273,0,1,0.9103390574455261,-0.41251906752586365,-0.03333723172545433,0,0.40023893117904663,0.8570099472999573,0.32456618547439575,0,-0.1053193137049675,-0.3088078498840332,0.9452750086784363,0,0,1.004459023475647,0,1,0.993602991104126,-0.11061897873878479,-0.02273694984614849,0,0.11280503123998642,0.962643027305603,0.24615596234798431,0,-0.005341950338333845,-0.24714604020118713,0.9689630270004272,0,-0.05621400102972984,0.588358998298645,0,1,0.9905970096588135,-0.13679686188697815,-0.001789971487596631,0,0.13594412803649902,0.9827850461006165,0.12511402368545532,0,-0.015356054529547691,-0.12418096512556076,0.9921410083770752,0,0.03230699896812439,0.5530980229377747,0,1,-0.988947331905365,0.047284215688705444,0.14052774012088776,0,0.08232177793979645,-0.613173246383667,0.7856478095054626,0,0.12331649661064148,0.7885321378707886,0.6025030016899109,0,1.0144129991531372,-0.6594070196151733,-0.17839199304580688,1,0.9876095056533813,0.15562300384044647,-0.020239170640707016,0,-0.0362975038588047,0.10104923695325851,-0.9942194223403931,0,-0.15267816185951233,0.9826346039772034,0.10544585436582565,0,0,5.199635982513428,0,1,0.9653863310813904,0.2508050799369812,0.0715932548046112,0,-0.1881822645664215,0.47970399260520935,0.8570135235786438,0,0.18059976398944855,-0.8408215045928955,0.5102965831756592,0,0,5.087769031524658,0,1,0.9825764894485474,-0.0033872821368277073,0.1858268529176712,0,-0.10759878903627396,0.8048745393753052,0.5836098194122314,0,-0.15154404938220978,-0.5934355854988098,0.7904857993125916,0,0,1.9792859554290771,0,1,-0.9984124302864075,-0.035538896918296814,0.04369604215025902,0,0.040126800537109375,-0.9932263493537903,0.10904716700315475,0,0.03952465578913689,0.11062746495008469,0.9930757284164429,0,-1.0144129991531372,-0.6594070196151733,-0.1146169975399971,1,0.9984485507011414,0.034669890999794006,-0.043580103665590286,0,-0.05377350002527237,0.8036866784095764,-0.5926176905632019,0,0.014478754252195358,0.594041645526886,0.8043040037155151,0,0,5.200582981109619,0,1,0.9918251037597656,-0.098317451775074,-0.08134409785270691,0,0.10260117053985596,0.2354261577129364,0.966461181640625,0,-0.07586947083473206,-0.9669065475463867,0.24358907341957092,0,0,5.092588901519775,0,1,0.9758810997009277,0.06452448666095734,-0.20854783058166504,0,0.13415905833244324,0.5763576030731201,0.8061099648475647,0,0.17221204936504364,-0.8146464228630066,0.5538002252578735,0,0,1.9834200143814087,0,1
K0.104,0.9882669448852539,-0.016170652583241463,0.15187568962574005,0,-0.013427791185677052,0.9813300967216492,0.19186079502105713,0,-0.152142733335495,-0.19164906442165375,0.9695991277694702,0,-0.030414987355470657,11.644888877868652,0.1403941512107849,1,0.9981526732444763,0.033164117485284805,-0.050900548696517944,0,-0.03859804570674896,0.9932058453559875,-0.10978171974420547,0,0.04691392928361893,0.11154363304376602,0.9926515221595764,0,0,1.1871720552444458,-0.18419000506401062,1,0.991179347038269,-0.03154542297124863,-0.12871621549129486,0,0.036000315099954605,0.9988256692886353,0.0324309878051281,0,0.12754203379154205,-0.036778759211301804,0.9911512732505798,0,0,1.4016029834747314,0,1,0.9914517402648926,-0.03177189454436302,-0.12654243409633636,0,0.03639782965183258,0.998744785785675,0.03441278263926506,0,0.12529030442237854,-0.03872450068593025,0.9913641810417175,0,0,1.6018329858779907,0,1,0.999513566493988,0.022636212408542633,0.021452076733112335,0,-0.02570742927491665,0.9874495267868042,0.15582673251628876,0,-0.017655519768595695,-0.15630245208740234,0.9875514507293701,0,0,1.8020609617233276,0,1,0.992497980594635,0.10110955685377121,0.0687408372759819,0,-0.055370211601257324,0.8729813098907471,-0.48460161685943604,0,-0.10900724679231644,0.47715961933135986,0.8720300197601318,0,0,0.876151978969574,0.3483310043811798,1,-0.11676261574029922,0.007296228781342506,-0.9931329488754272,0,0.9349325299263,-0.3365536332130432,-0.11239258944988251,0,-0.3350626826286316,-0.9416358470916748,0.03247545659542084,0,0.6684079766273499,1.4949359893798828,-0.03617100045084953,1,0.639813244342804,-0.12524379789829254,-0.7582563757896423,0,0.6387854814529419,0.6352391242980957,0.4340795874595642,0,0.4273082911968231,-0.7620930075645447,0.4864383339881897,0,0,1.5037169456481934,0,1,-0.37698790431022644,0.9204601049423218,-0.10311714559793472,0,-0.9207389950752258,-0.3845196068286896,-0.06621089577674866,0,-0.10059507936239243,0.06998328864574432,0.9924630522727966,0,0,3.3016510009765625,0,1,0.9928242564201355,0.09350194036960602,-0.07455138117074966,0,-0.10137677937746048,0.9887498021125793,-0.10998192429542542,0,0.06342916190624237,0.11675053089857101,0.991133987903595,0,0,2.7329390048980713,0,1,0.9155569672584534,0.4018760919570923,0.0158539991825819,0,-0.39986884593963623,0.913796067237854,-0.07127987593412399,0,-0.043133001774549484,0.05892126262187958,0.9973300099372864,0,-0.31367599964141846,0.46373501420021057,0,1,0.9859980344772339,-0.15535959601402283,0.06058789789676666,0,0.13384239375591278,0.9540248513221741,0.26818206906318665,0,-0.09946709126234055,-0.2563179135322571,0.9614610075950623,0,-0.06563899666070938,0.4430510103702545,0,1,0.998638927936554,-0.0034668724983930588,0.052041392773389816,0,0.0004591273027472198,0.9983339309692383,0.05769626796245575,0,-0.05215472728013992,-0.05759385973215103,0.9969769716262817,0,0.0031789999920874834,0.48552098870277405,0,1,0.917168140411377,0.3955017626285553,0.048792626708745956,0,-0.38831621408462524,0.8595009446144104,0.33236774802207947,0,0.08951475471258163,-0.3237841725349426,0.9418870210647583,0,0,0.9771119952201843,0,1,0.9944040179252625,0.1034168154001236,0.02155795320868492,0,-0.10547131299972534,0.9603980779647827,0.25789976119995117,0,0.005966953933238983,-0.2587302625179291,0.9659309387207031,0,0.05210400000214577,0.5617660284042358,0,1,0.9904199838638306,0.13806207478046417,0.002809935947880149,0,-0.13723789155483246,0.9818419218063354,0.1309691071510315,0,0.01532293576747179,-0.13009989261627197,0.9913820028305054,0,-0.029978999868035316,0.5294229984283447,0,1,-0.17536664009094238,0.011170978657901287,0.9844398498535156,0,-0.933806300163269,-0.3186272382736206,-0.16273127496242523,0,0.31185182929039,-0.9478146433830261,0.06630825996398926,0,-0.6684079766273499,1.4984140396118164,-0.058591000735759735,1,0.7952374815940857,-0.5708516836166382,0.20426879823207855,0,0.295168936252594,0.6588070392608643,0.6919887065887451,0,-0.5295966863632202,-0.4900015890598297,0.6924058198928833,0,0,1.5037169456481934,0,1,-0.2808826267719269,-0.9569367170333862,0.07332945615053177,0,0.9572299718856812,-0.2848529517650604,-0.05068888142704964,0,0.06939417868852615,0.05595553666353226,0.9960190057754517,0,0,3.307734966278076,0,1,0.8100948929786682,0.04629084840416908,0.584468424320221,0,0.12686754763126373,0.9594195485115051,-0.25183072686195374,0,-0.5724077820777893,0.2781567871570587,0.7713478207588196,0,0,2.741194009780884,0,1,0.9276079535484314,-0.37286803126335144,-0.022651948034763336,0,0.36929988861083984,0.9244800209999084,-0.09462842345237732,0,0.05622518062591553,0.07941269874572754,0.9952550530433655,0,0.31780698895454407,0.5204169750213623,0,1,0.984824001789093,0.16548211872577667,-0.05231184884905815,0,-0.143067866563797,0.9447060227394104,0.2950628995895386,0,0.09824702143669128,-0.28310105204582214,0.9540449976921082,0,0.08337199687957764,0.4806489944458008,0,1,0.9829069375991821,-0.1733870953321457,-0.06188696622848511,0,0.17548678815364838,0.9840170741081238,0.03023773990571499,0,0.05565503239631653,-0.04058125242590904,0.997624933719635,0,0.015426999889314175,0.47726699709892273,0,1,0.9103389978408813,-0.4125191569328308,-0.0333368219435215,0,0.40023887157440186,0.8570099472999573,0.32456618547439575,0,-0.10531969368457794,-0.30880770087242126,0.945275068283081,0,0,1.004459023475647,0,1,0.993602991104126,-0.11061897873878479,-0.02273694984614849,0,0.11280503123998642,0.962643027305603,0.24615596234798431,0,-0.005341950338333845,-0.24714604020118713,0.9689630270004272,0,-0.05621400102972984,0.588358998298645,0,1,0.9905970096588135,-0.13679689168930054,-0.001789576024748385,0,0.13594411313533783,0.9827850461006165,0.1251140534877777,0,-0.015356450341641903,-0.12418093532323837,0.9921410083770752,0,0.03230699896812439,0.5530980229377747,0,1,-0.991684079170227,0.0720503106713295,0.10663700848817825,0,0.04060724005103111,-0.6110883355140686,0.790519654750824,0,0.1221218854188919,0.7882764935493469,0.6030810475349426,0,1.0144129991531372,-0.6594070196151733,-0.17839199304580688,1,0.9872984886169434,0.15838110446929932,0.012529855594038963,0,-0.05041639134287834,0.3871147334575653,-0.9206515550613403,0,-0.15066438913345337,0.9083267450332642,0.3901830315589905,0,0,5.199635982513428,0,1,0.9771000146865845,0.2007022202014923,0.07066413760185242,0,-0.16361160576343536,0.496353417634964,0.8525636792182922,0,0.13603703677654266,-0.8446014523506165,0.5178241729736328,0,0,5.087769031524658,0,1,0.9825788140296936,-0.0033641434274613857,0.1858152449131012,0,-0.1075877919793129,0.8049619197845459,0.5834908485412598,0,-0.15153706073760986,-0.593316912651062,0.790576159954071,0,0,1.9792859554290771,0,1,-0.9993871450424194,-0.0031737254466861486,0.03486216068267822,0,0.003416141029447317,-0.9999701976776123,0.006896195001900196,0,0.034839242696762085,0.007011063862591982,0.9993682503700256,0,-1.0144129991531372,-0.6594070196151733,-0.1146169975399971,1,0.9978382587432861,0.023710954934358597,-0.06129717454314232,0,-0.0498666912317276,0.8806659579277039,-0.4711059033870697,0,0.042811937630176544,0.47314393520355225,0.8799440860748291,0,0,5.200582981109619,0,1,0.9939429759979248,-0.095244862139225,-0.05483149737119675,0,0.09721363335847855,0.5292530655860901,0.8428764343261719,0,-0.05125988647341728,-0.8431010246276855,0.5353062152862549,0,0,5.092588901519775,0,1,0.9716101288795471,0.0973341092467308,-0.21563759446144104,0,0.1478215605020523,0.4618874192237854,0.8745336532592773,0,0.18472224473953247,-0.8815815448760986,0.43438634276390076,0,0,1.9834200143814087,0,1
