0.633,30,19,41
B0,mixamorig_Hips,-1,0.9928600192070007,-0.0689769983291626,0.09731899946928024,0,0.055149998515844345,0.9888619780540466,0.1382399946451187,0,-0.10576999932527542,-0.13188600540161133,0.9856060147285461,0,0.03103799931704998,10.893226623535156,0.2298790067434311,1
B1,mixamorig_Spine,0,0.9682559967041016,0.07318799942731857,-0.23900499939918518,0,-0.05205800011754036,0.994251012802124,0.09356299787759781,0,0.2444790005683899,-0.07815100252628326,0.9664999842643738,0,0,1.2427419424057007,-0.1856590062379837,1
B2,mixamorig_Spine1,1,0.9992430210113525,0.026163000613451004,-0.02879899926483631,0,-0.02782299928367138,0.9978799819946289,-0.05882899835705757,0,0.027197999879717827,0.05958599969744682,0.9978529810905457,0,0,1.4659559726715088,0,1
B3,mixamorig_Spine2,2,0.9992899894714355,0.023994000628590584,-0.029045000672340393,0,-0.025652000680565834,0.997979998588562,-0.05811699852347374,0,0.027591999620199203,0.058821000158786774,0.9978870153427124,0,0,1.6753770112991333,0,1
B4,mixamorig_Neck,3,0.9976379871368408,-0.061650000512599945,0.030282000079751015,0,0.053296998143196106,0.972927987575531,0.2248779982328415,0,-0.0433260016143322,-0.2227330058813095,0.9739159941673279,0,0,1.8847999572753906,0,1
B5,mixamorig_Head,4,0.993232011795044,0.034669000655412674,0.11084800213575363,0,0.004900000058114529,0.9410520195960999,-0.3382270038127899,0,-0.11603999882936478,0.3364810049533844,0.9345129728317261,0,0,0.855912983417511,0.3470599949359894,1
B6,mixamorig_HeadTop_End,5,1,0,0,0,0,1,0,0,0,0,1,0,0,2.8392999172210693,1.1512919664382935,1
B7,mixamorig_LeftShoulder,3,0.11888699978590012,0.03728900104761124,-0.9922069907188416,0,0.9550639986991882,-0.277552992105484,0.10400599986314774,0,-0.2715120017528534,-0.9599859714508057,-0.06861100345849991,0,0.652642011642456,1.576030969619751,-0.03514900058507919,1
B8,mixamorig_LeftArm,7,0.2983059883117676,-0.16481299698352814,-0.9401329755783081,0,0.8548139929771423,0.4843289852142334,0.1863279938697815,0,0.4246239960193634,-0.8592219948768616,0.28536298871040344,0,0,1.451390027999878,0,1
B9,mixamorig_LeftForeArm,8,0.3069069981575012,0.9498350024223328,-0.060180000960826874,0,-0.9503059983253479,0.30236101150512695,-0.07413999736309052,0,-0.05222500115633011,0.07994300127029419,0.9954299926757812,0,0,3.2703590393066406,0,1
B10,mixamorig_LeftHand,9,0.8401989936828613,-0.024546999484300613,-0.5417219996452332,0,0.05927800014615059,0.9971460103988647,0.046755000948905945,0,0.5390290021896362,-0.07139600068330765,0.8392559885978699,0,0,2.8214590549468994,0,1
B11,mixamorig_LeftHandThumb1,10,0.9205870032310486,0.3903209865093231,0.012989000417292118,0,-0.3891400098800659,0.9195960164070129,-0.05397000163793564,0,-0.03300999850034714,0.04462999850511551,0.9984580278396606,0,-0.3050509989261627,0.43549299240112305,0,1
B12,mixamorig_LeftHandThumb2,11,0.9990370273590088,0.04028400033712387,0.017395000904798508,0,-0.041999999433755875,0.9926769733428955,0.11326500028371811,0,-0.01270500011742115,-0.1138869971036911,0.993412971496582,0,-0.06800000369548798,0.4198940098285675,0,1
B13,mixamorig_LeftHandThumb3,12,0.9925379753112793,0.12184900045394897,0.0045779999345541,0,-0.12176500260829926,0.992438018321991,-0.015518000349402428,0,-0.006434999871999025,0.014844999648630619,0.9998689889907837,0,-0.004792999941855669,0.4857949912548065,0,1
B14,mixamorig_LeftHandThumb4,13,1,0,0,0,0,1,0,0,0,0,1,0,0.07279200106859207,0.44150298833847046,0,1
B15,mixamorig_LeftHandIndex1,10,0.98335200548172,0.1784210056066513,-0.03442100062966347,0,-0.17504900693893433,0.980970025062561,0.08399699628353119,0,0.04875300079584122,-0.07657399773597717,0.9958710074424744,0,0,0.9967560172080994,0,1
B16,mixamorig_LeftHandIndex2,15,0.9998340010643005,-0.016161000356078148,0.0083619998767972,0,0.014646000228822231,0.9874629974365234,0.15716800093650818,0,-0.01079699955880642,-0.1570190042257309,0.9875370264053345,0,0.060189999639987946,0.5512700080871582,0,1
B17,mixamorig_LeftHandIndex3,16,0.999783992767334,0.02049100026488304,-0.003369000041857362,0,-0.02034600079059601,0.9990559816360474,0.038384001702070236,0,0.004153000190854073,-0.03830699995160103,0.9992570281028748,0,-0.026318000629544258,0.4993000030517578,0,1
B18,mixamorig_LeftHandIndex4,17,1,0,0,0,0,1,0,0,0,0,1,0,-0.033872999250888824,0.5011600255966187,0,1
B19,mixamorig_RightShoulder,3,0.025165000930428505,-0.011369000189006329,0.9996190071105957,0,-0.9652029871940613,-0.2606309950351715,0.021333999931812286,0,0.2602890133857727,-0.9653720259666443,-0.017532000318169594,0,-0.652642011642456,1.5792399644851685,-0.05662799999117851,1
B20,mixamorig_RightArm,19,0.9684180021286011,-0.2488590031862259,0.015317999757826328,0,0.17691199481487274,0.7291319966316223,0.6611109972000122,0,-0.17569200694561005,-0.6375219821929932,0.7501320242881775,0,0,1.451390027999878,0,1
B21,mixamorig_RightForeArm,20,-0.03838299959897995,-0.9967970252037048,0.07016599923372269,0,0.9973080158233643,-0.042603999376297,-0.05968400090932846,0,0.06248199939727783,0.06768599897623062,0.995747983455658,0,0,3.2765069007873535,0,1
B22,mixamorig_RightHand,21,0.8472849726676941,0.20602600276470184,0.48955199122428894,0,-0.016037000343203545,0.931207001209259,-0.36413899064064026,0,-0.530896008014679,0.3006789982318878,0.7923020124435425,0,0,2.8292040824890137,0,1
B23,mixamorig_RightHandThumb1,22,0.9794139862060547,-0.20090100169181824,0.019682999700307846,0,0.20179499685764313,0.9769459962844849,-0.06968100368976593,0,-0.005231000017374754,0.07221800088882446,0.9973750114440918,0,0.32116401195526123,0.5079699754714966,0,1
B24,mixamorig_RightHandThumb2,23,0.9997429847717285,-0.017916999757289886,0.013887999579310417,0,0.01674400083720684,0.9966189861297607,0.08043999969959259,0,-0.015282000415027142,-0.08018700033426285,0.996662974357605,0,0.08328499644994736,0.4735170006752014,0,1
B25,mixamorig_RightHandThumb3,24,0.9896489977836609,-0.14144299924373627,0.024261999875307083,0,0.14264599978923798,0.9880499839782715,-0.058389000594615936,0,-0.015714000910520554,0.06124500185251236,0.9979990124702454,0,-0.002070999937132001,0.4775800108909607,0,1
B26,mixamorig_RightHandThumb4,25,1,0,0,0,0,1,0,0,0,0,1,0,-0.08121500164270401,0.3971160054206848,0,1
B27,mixamorig_RightHandIndex1,22,0.9841079711914062,-0.16724400222301483,0.0596809983253479,0,0.1644749939441681,0.9851809740066528,0.04865400120615959,0,-0.0669339969754219,-0.03806399926543236,0.9970309734344482,0,0,1.0201549530029297,0,1
B28,mixamorig_RightHandIndex2,27,0.999858021736145,0.01585800014436245,-0.005745000205934048,0,-0.014414000324904919,0.9802680015563965,0.19714699685573578,0,0.00875800009816885,-0.1970369964838028,0.9803569912910461,0,-0.07540299743413925,0.5894140005111694,0,1
B29,mixamorig_RightHandIndex3,28,0.997215986251831,-0.07430599629878998,-0.006268000230193138,0,0.07441499829292297,0.9970380067825317,0.019454000517725945,0,0.004803000018000603,-0.01986600086092949,0.9997910261154175,0,0.0557279996573925,0.5480239987373352,0,1
B30,mixamorig_RightHandIndex4,29,1,0,0,0,0,1,0,0,0,0,1,0,0.019675999879837036,0.41751301288604736,0,1
B31,mixamorig_LeftUpLeg,0,-0.9843329787254333,-0.11487600207328796,0.13376200199127197,0,0.17520399391651154,-0.7224820256233215,0.6688219904899597,0,0.019809000194072723,0.6817790269851685,0.7312890291213989,0,1.022987961769104,-0.6898429989814758,-0.1812169998884201,1
B32,mixamorig_LeftLeg,31,0.9922580122947693,0.1190200001001358,-0.03548600152134895,0,0.04529700055718422,-0.6128429770469666,-0.7889059782028198,0,-0.11564300209283829,0.7811899781227112,-0.6134889721870422,0,0,5.231299877166748,0,1
B33,mixamorig_LeftFoot,32,0.9810420274734497,0.1596740037202835,0.10982300341129303,0,-0.17701099812984467,0.5076040029525757,0.8432109951972961,0,0.07889299839735031,-0.8466650247573853,0.5262449979782104,0,0,4.76700496673584,0,1
B34,mixamorig_LeftToeBase,33,0.9827679991722107,0,0.1848450005054474,0,-0.10650099813938141,0.8173350095748901,0.5662339925765991,0,-0.15108099579811096,-0.5761629939079285,0.8032500147819519,0,0,1.9788390398025513,0,1
B35,mixamorig_LeftToe_End,34,1,0,0,0,0,1,0,0,0,0,1,0,0,0.7514830231666565,0,1
B36,mixamorig_RightUpLeg,0,-0.9921839833259583,-0.09468299895524979,-0.08128300309181213,0,0.09614399820566177,-0.9952660202980042,-0.014236999675631523,0,-0.07954999804496765,-0.02194100059568882,0.9965890049934387,0,-1.022987961769104,-0.6898429989814758,-0.09872400015592575,1
B37,mixamorig_RightLeg,36,0.988336980342865,0.034814998507499695,0.1482509970664978,0,0.060405001044273376,0.8040289878845215,-0.5915129780769348,0,-0.13979199528694153,0.5935699939727783,0.7925490140914917,0,0,5.234388828277588,0,1
B38,mixamorig_RightFoot,37,0.9750000238418579,-0.2216780036687851,0.015329999849200249,0,0.04469199851155281,0.2632080018520355,0.9637029767036438,0,-0.21766600012779236,-0.93892502784729,0.2665350139141083,0,0,4.769873142242432,0,1
B39,mixamorig_RightToeBase,38,0.9744229912757874,0.09349100291728973,-0.20434899628162384,0,0.14983700215816498,0.4074009954929352,0.9008740186691284,0,0.16747500002384186,-0.9084510207176208,0.38297298550605774,0,0,1.9828089475631714,0,1
B40,mixamorig_RightToe_End,39,1,0,0,0,0,1,0,0,0,0,1,0,0,0.7492420077323914,0,1
@34,0,1,2,3,4,5,7,8,9,10,11,12,13,15,16,17,19,20,21,22,23,24,25,27,28,29,31,32,33,34,36,37,38,39
K0.000,0.9928600192070007,-0.06897742301225662,0.09731873124837875,0,0.05514957755804062,0.9888620376586914,0.1382400393486023,0,-0.10577027499675751,-0.13188597559928894,0.9856060147285461,0,0.03103799931704998,10.893226623535156,0.2298790067434311,1,0.9682559370994568,0.07318814098834991,-0.23900510370731354,0,-0.05205785855650902,0.994251012802124,0.09356305748224258,0,0.24447891116142273,-0.07815093547105789,0.9664999842643738,0,0,1.2427419424057007,-0.1856590062379837,1,0.9992430210113525,0.02616310305893421,-0.028798596933484077,0,-0.02782289683818817,0.9978799819946289,-0.05882912501692772,0,0.02719840034842491,0.059585876762866974,0.9978529214859009,0,0,1.4659559726715088,0,1,0.9992899894714355,0.023994117975234985,-0.029045067727565765,0,-0.025651879608631134,0.997979998588562,-0.0581170953810215,0,0.027591930702328682,0.058820899575948715,0.9978870153427124,0,0,1.6753770112991333,0,1,0.9976379871368408,-0.061649929732084274,0.0302820336073637,0,0.05329706519842148,0.972927987575531,0.2248779982328415,0,-0.04332596808671951,-0.22273297607898712,0.9739159941673279,0,0,1.8847999572753906,0,1,0.993232011795044,0.03466883674263954,0.11084818094968796,0,0.004899834748357534,0.9410520792007446,-0.3382270336151123,0,-0.11603982746601105,0.3364810049533844,0.9345129728317261,0,0,0.855912983417511,0.3470599949359894,1,0.11888706684112549,0.03728874400258064,-0.9922069907188416,0,0.955064058303833,-0.27755308151245117,0.10400569438934326,0,-0.27151182293891907,-0.9599860310554504,-0.06861062347888947,0,0.652642011642456,1.576030969619751,-0.03514900058507919,1,0.29830649495124817,-0.164812833070755,-0.9401328563690186,0,0.8548141717910767,0.48432859778404236,0.18632802367210388,0,0.42462414503097534,-0.8592220544815063,0.28536278009414673,0,0,1.451390027999878,0,1,0.30690667033195496,0.9498351216316223,-0.060179661959409714,0,-0.9503059387207031,0.302361398935318,-0.07413993030786514,0,-0.05222466588020325,0.07994307577610016,0.9954299926757812,0,0,3.2703590393066406,0,1,0.8401987552642822,-0.024547027423977852,-0.541722297668457,0,0.0592779703438282,0.99714595079422,0.04675515741109848,0,0.5390287041664124,-0.07139584422111511,0.839256227016449,0,0,2.8214590549468994,0,1,0.920586884021759,0.390321284532547,0.012988812290132046,0,-0.38913971185684204,0.9195960760116577,-0.05397019162774086,0,-0.03301018476486206,0.04462980106472969,0.9984580278396606,0,-0.3050509989261627,0.43549299240112305,0,1,0.9990370869636536,0.04028415307402611,0.01739509031176567,0,-0.041999850422143936,0.9926769137382507,0.11326523870229721,0,-0.012704911641776562,-0.113886758685112,0.993412971496582,0,-0.06800000369548798,0.4198940098285675,0,1,0.9925379753112793,0.121848925948143,0.004578377120196819,0,-0.12176506966352463,0.992438018321991,-0.015518143773078918,0,-0.006434622220695019,0.014844855293631554,0.9998689889907837,0,-0.004792999941855669,0.4857949912548065,0,1,0.9833519458770752,0.17842121422290802,-0.03442106023430824,0,-0.1750487983226776,0.980970025062561,0.08399738371372223,0,0.04875293746590614,-0.07657361775636673,0.9958710670471191,0,0,0.9967560172080994,0,1,0.9998340010643005,-0.01616070047020912,0.008361940272152424,0,0.014646299183368683,0.9874629974365234,0.1571676880121231,0,-0.01079706009477377,-0.15701931715011597,0.9875370264053345,0,0.060189999639987946,0.5512700080871582,0,1,0.999783992767334,0.02049063891172409,-0.0033693350851535797,0,-0.02034636214375496,0.9990560412406921,0.03838392347097397,0,0.004152665380388498,-0.038307074457407,0.9992570281028748,0,-0.026318000629544258,0.4993000030517578,0,1,0.025164810940623283,-0.01136910542845726,0.9996190667152405,0,-0.9652029871940613,-0.26063117384910583,0.021334156394004822,0,0.2602892816066742,-0.9653720259666443,-0.01753225177526474,0,-0.652642011642456,1.5792399644851685,-0.05662799999117851,1,0.9684179425239563,-0.2488591969013214,0.015317719429731369,0,0.17691180109977722,0.7291322946548462,0.6611106991767883,0,-0.17569229006767273,-0.637522280216217,0.7501317262649536,0,0,1.451390027999878,0,1,-0.038383033126592636,-0.9967969655990601,0.0701659545302391,0,0.9973080158233643,-0.04260393977165222,-0.05968384072184563,0,0.06248195841908455,0.06768615543842316,0.995747983455658,0,0,3.2765069007873535,0,1,0.8472850322723389,0.20602603256702423,0.48955175280570984,0,-0.016036976128816605,0.9312069416046143,-0.364139199256897,0,-0.5308962464332581,0.3006788194179535,0.7923019528388977,0,0,2.8292040824890137,0,1,0.9794140458106995,-0.20090094208717346,0.01968335546553135,0,0.2017950862646103,0.9769460558891296,-0.06968073546886444,0,-0.005230647511780262,0.07221826165914536,0.9973750114440918,0,0.32116401195526123,0.5079699754714966,0,1,0.9997429847717285,-0.01791720651090145,0.013887844979763031,0,0.016743794083595276,0.9966190457344055,0.08044010400772095,0,-0.015282154083251953,-0.08018689602613449,0.9966629147529602,0,0.08328499644994736,0.4735170006752014,0,1,0.9896489977836609,-0.14144302904605865,0.024262307211756706,0,0.1426459550857544,0.9880499839782715,-0.05838873237371445,0,-0.01571369357407093,0.06124527007341385,0.9979990124702454,0,-0.002070999937132001,0.4775800108909607,0,1,0.9841080904006958,-0.16724362969398499,0.059681236743927,0,0.16447536647319794,0.9851809144020081,0.04865366593003273,0,-0.0669337660074234,-0.03806433454155922,0.9970309734344482,0,0,1.0201549530029297,0,1,0.9998579621315002,0.015857739374041557,-0.005745024885982275,0,-0.014414262026548386,0.9802678823471069,0.1971474140882492,0,0.00875797402113676,-0.19703656435012817,0.9803570508956909,0,-0.07540299743413925,0.5894140005111694,0,1,0.9972160458564758,-0.07430599629878998,-0.006267554126679897,0,0.07441500574350357,0.9970380663871765,0.01945388875901699,0,0.004803445655852556,-0.019866114482283592,0.9997910261154175,0,0.0557279996573925,0.5480239987373352,0,1,-0.9843329787254333,-0.11487613618373871,0.13376204669475555,0,0.1752038598060608,-0.722481906414032,0.6688220500946045,0,0.019808953627943993,0.6817789673805237,0.7312891483306885,0,1.022987961769104,-0.6898429989814758,-0.1812169998884201,1,0.9922579526901245,0.119020476937294,-0.03548588976264,0,0.045296527445316315,-0.6128430366516113,-0.788905918598175,0,-0.11564311385154724,0.7811899781227112,-0.6134889721870422,0,0,5.231299877166748,0,1,0.9810419678688049,0.1596742421388626,0.10982264578342438,0,-0.17701074481010437,0.5076041221618652,0.8432109951972961,0,0.07889264076948166,-0.84666508436203,0.5262449383735657,0,0,4.76700496673584,0,1,0.9827679991722107,-1.4347913079859609e-8,0.184845432639122,0,-0.1065010130405426,0.8173348307609558,0.5662341713905334,0,-0.15108056366443634,-0.5761628150939941,0.8032501935958862,0,0,1.9788390398025513,0,1,-0.992184042930603,-0.09468325972557068,-0.08128295838832855,0,0.09614373743534088,-0.9952660202980042,-0.014237227849662304,0,-0.07955004274845123,-0.021940771490335464,0.9965890049934387,0,-1.022987961769104,-0.6898429989814758,-0.09872400015592575,1,0.988336980342865,0.03481486812233925,0.14825119078159332,0,0.06040486693382263,0.8040288686752319,-0.5915131568908691,0,-0.1397918164730072,0.5935699343681335,0.792549192905426,0,0,5.234388828277588,0,1,0.9750000238418579,-0.22167818248271942,0.015329367481172085,0,0.04469182714819908,0.2632080316543579,0.9637030363082886,0,-0.2176666408777237,-0.9389249682426453,0.2665349245071411,0,0,4.769873142242432,0,1,0.9744230508804321,0.09349065274000168,-0.20434878766536713,0,0.14983665943145752,0.40740126371383667,0.9008739590644836,0,0.16747520864009857,-0.9084510207176208,0.38297274708747864,0,0,1.9828089475631714,0,1
K0.035,0.995972752571106,-0.03836419805884361,0.08103800565004349,0,0.02622564509510994,0.9889569878578186,0.1458638310432434,0,-0.08573902398347855,-0.14315107464790344,0.9859800338745117,0,0.0022780203726142645,11.071653366088867,0.38051551580429077,1,0.961629331111908,0.025475110858678818,-0.2731647193431854,0,-0.024539580568671227,0.9996752738952637,0.006841504946351051,0,0.2732505798339844,0.0001243557344423607,0.9619432687759399,0,0,1.2427419424057007,-0.1856590062379837,1,0.9991823434829712,0.02418549731373787,-0.0324140265583992,0,-0.025263763964176178,0.9991265535354614,-0.033279888331890106,0,0.03158081695437431,0.03407156839966774,0.9989203214645386,0,0,1.4659559726715088,0,1,0.9992257356643677,0.021999988704919815,-0.03260919079184532,0,-0.02310452051460743,0.9991582036018372,-0.03389110043644905,0,0.03183615952730179,0.03461829945445061,0.9988934993743896,0,0,1.6753770112991333,0,1,0.9973002672195435,-0.06090737134218216,0.0410267636179924,0,0.04888627678155899,0.9675235152244568,0.2480093091726303,0,-0.054799921810626984,-0.2453339695930481,0.9678884744644165,0,0,1.8847999572753906,0,1,0.9844602942466736,0.04788843169808388,0.16895440220832825,0,0.006013329606503248,0.9523426294326782,-0.30497032403945923,0,-0.17550693452358246,0.3012469708919525,0.9372550249099731,0,0,0.855912983417511,0.3470599949359894,1,0.11702413111925125,0.035375989973545074,-0.9924986958503723,0,0.9599745273590088,-0.26009631156921387,0.10391853749752045,0,-0.25446900725364685,-0.9649343490600586,-0.06439757347106934,0,0.652642011642456,1.576030969619751,-0.03514900058507919,1,0.18232440948486328,-0.24921411275863647,-0.9511303305625916,0,0.886752724647522,0.45957985520362854,0.049565114080905914,0,0.42476820945739746,-0.8524547219276428,0.30478402972221375,0,0,1.451390027999878,0,1,0.1521068513393402,0.985718846321106,-0.07225652784109116,0,-0.986207902431488,0.14654220640659332,-0.07694216817617416,0,-0.06525468826293945,0.08296336233615875,0.9944134950637817,0,0,3.2703590393066406,0,1,0.8769177198410034,-0.0605057030916214,-0.47681698203086853,0,0.1223016306757927,0.987480878829956,0.09961944073438644,0,0.46482011675834656,-0.14567354321479797,0.8733394145965576,0,0,2.8214590549468994,0,1,0.917640209197998,0.3972732424736023,0.010503114201128483,0,-0.3960089087486267,0.9162997603416443,-0.059763990342617035,0,-0.03336662799119949,0.05068250373005867,0.9981570243835449,0,-0.3050509989261627,0.43549299240112305,0,1,0.9985790848731995,0.05139681324362755,0.014085137285292149,0,-0.05259726941585541,0.993050217628479,0.10528256744146347,0,-0.008576059713959694,-0.10587381571531296,0.9943425059318542,0,-0.06800000369548798,0.4198940098285675,0,1,0.9918798804283142,0.12716656923294067,0.0018534603295847774,0,-0.12710829079151154,0.9917042255401611,-0.01913779228925705,0,-0.004271770361810923,0.018746795132756233,0.9998151063919067,0,-0.004792999941855669,0.4857949912548065,0,1,0.9817701578140259,0.1872669905424118,-0.032545220106840134,0,-0.18352651596069336,0.9785051345825195,0.09404975920915604,0,0.0494580939412117,-0.08636236190795898,0.9950358867645264,0,0,0.9967560172080994,0,1,0.999930739402771,-0.007129977457225323,0.009316664189100266,0,0.005475917365401983,0.9859684705734253,0.16684025526046753,0,-0.010375510901212692,-0.16677777469158173,0.9859398603439331,0,0.060189999639987946,0.5512700080871582,0,1,0.9996806383132935,0.025039944797754288,-0.0035166111774742603,0,-0.024864258244633675,0.9987514019012451,0.04332640767097473,0,0.004597110208123922,-0.04322512075304985,0.9990547895431519,0,-0.026318000629544258,0.4993000030517578,0,1,0.01737765595316887,-0.00842991005629301,0.9998133778572083,0,-0.969856321811676,-0.24322743713855743,0.014806152321398258,0,0.24305731058120728,-0.9699327349662781,-0.012402458116412163,0,-0.652642011642456,1.5792399644851685,-0.05662799999117851,1,0.9694894552230835,-0.23771993815898895,0.05982326716184616,0,0.14899030327796936,0.7652303576469421,0.6262780427932739,0,-0.19465747475624084,-0.5982571840286255,0.7773012518882751,0,0,1.451390027999878,0,1,-0.37903475761413574,-0.9209410548210144,0.0905521884560585,0,0.9214133024215698,-0.3846510052680969,-0.05514189228415489,0,0.08561347424983978,0.06253533810377121,0.9943640828132629,0,0,3.2765069007873535,0,1,0.6218186616897583,0.4291226863861084,0.6551300883293152,0,-0.3077044188976288,0.903115451335907,-0.2994992733001709,0,-0.7201802134513855,-0.015352186746895313,0.6936171650886536,0,0,2.8292040824890137,0,1,0.9848760366439819,-0.17114485800266266,0.027007363736629486,0,0.17213883996009827,0.9842516779899597,-0.040203653275966644,0,-0.01970139518380165,0.04424462839961052,0.9988265633583069,0,0.32116401195526123,0.5079699754714966,0,1,0.9996620416641235,-0.021220192313194275,0.015033564530313015,0,0.01998705044388771,0.9967607259750366,0.07790283113718033,0,-0.01663796976208687,-0.07757598161697388,0.9968474507331848,0,0.08328499644994736,0.4735170006752014,0,1,0.9894030094146729,-0.1429906189441681,0.025215569883584976,0,0.1442682147026062,0.9877476692199707,-0.05951669067144394,0,-0.01639627106487751,0.0625237226486206,0.9979082942008972,0,-0.002070999937132001,0.4775800108909607,0,1,0.9841079711914062,-0.16724418103694916,0.059681180864572525,0,0.16447578370571136,0.985180139541626,0.048654139041900635,0,-0.06693381071090698,-0.038064807653427124,0.9970309734344482,0,0,1.0201549530029297,0,1,0.999858021736145,0.015857189893722534,-0.005744607653468847,0,-0.014413810335099697,0.9802680015563965,0.197146937251091,0,0.008757446892559528,-0.19703605771064758,0.9803569316864014,0,-0.07540299743413925,0.5894140005111694,0,1,0.9972160458564758,-0.07430598884820938,-0.006268053315579891,0,0.07441501319408417,0.9970380663871765,0.01945384219288826,0,0.004803947173058987,-0.019866105169057846,0.9997910261154175,0,0.0557279996573925,0.5480239987373352,0,1,-0.9901087880134583,-0.13070768117904663,0.0509830079972744,0,0.11511875689029694,-0.5491546392440796,0.827753484249115,0,-0.08019625395536423,0.8254358172416687,0.5587701797485352,0,1.022987961769104,-0.6898429989814758,-0.1812169998884201,1,0.9877178072929382,0.12919972836971283,0.08786372095346451,0,0.11502651870250702,-0.22070243954658508,-0.9685344696044922,0,-0.10574276000261307,0.9667463302612305,-0.23285335302352905,0,0,5.231299877166748,0,1,0.9624959230422974,0.26775625348091125,0.04368613660335541,0,-0.20205040276050568,0.6000129580497742,0.7740541696548462,0,0.18104566633701324,-0.753851056098938,0.6316105127334595,0,0,4.76700496673584,0,1,0.9827686548233032,0.000015375744624179788,0.18483762443065643,0,-0.10649433732032776,0.8173905611038208,0.5661548972129822,0,-0.15107586979866028,-0.5760836005210876,0.8033076524734497,0,0,1.9788390398025513,0,1,-0.9961698055267334,-0.04560789093375206,-0.07460860162973404,0,0.06777969747781754,-0.941798985004425,-0.3292732834815979,0,-0.05524880439043045,-0.33306884765625,0.9412823915481567,0,-1.022987961769104,-0.6898429989814758,-0.09872400015592575,1,0.9831737875938416,-0.03585033863782883,0.17911919951438904,0,0.07718738913536072,0.9702469110488892,-0.2294836938381195,0,-0.16556279361248016,0.23944810032844543,0.9566885828971863,0,0,5.234388828277588,0,1,0.9999487400054932,0.0011060815304517746,0.010058591142296791,0,-0.006572959013283253,0.826758086681366,0.5625200867652893,0,-0.007693829946219921,-0.5625574588775635,0.8267230987548828,0,0,4.769873142242432,0,1,0.9879289865493774,0.016196588054299355,-0.1540583223104477,0,0.14904429018497467,0.17163987457752228,0.9738204479217529,0,0.04221510514616966,-0.9850265979766846,0.1671539545059204,0,0,1.9828089475631714,0,1
K0.070,0.9977607131004333,-0.022390887141227722,0.06302902102470398,0,0.011195875704288483,0.9849183559417725,0.1726568043231964,0,-0.0659443810582161,-0.17156453430652618,0.9829636216163635,0,-0.03625237196683884,11.319011688232422,0.3879799544811249,1,0.9579923152923584,0.0011985163437202573,-0.28679004311561584,0,-0.023281879723072052,0.9970153570175171,-0.07360409200191498,0,0.285846084356308,0.07718923687934875,0.9551618099212646,0,0,1.2427419424057007,-0.1856590062379837,1,0.9992576837539673,0.013521607033908367,-0.036079760640859604,0,-0.01381638366729021,0.9998729825019836,-0.007933474145829678,0,0.03596789017319679,0.008426073007285595,0.9993170499801636,0,0,1.4659559726715088,0,1,0.999264657497406,0.012465405277907848,-0.03625548258423805,0,-0.012803441844880581,0.9998766779899597,-0.009106435813009739,0,0.036137502640485764,0.009563936851918697,0.9993013143539429,0,0,1.6753770112991333,0,1,0.9970475435256958,-0.05881664156913757,0.04936108738183975,0,0.04556681215763092,0.9706428647041321,0.23617126047611237,0,-0.06180275231599808,-0.23322460055351257,0.970456600189209,0,0,1.8847999572753906,0,1,0.9772125482559204,0.05193610489368439,0.20581091940402985,0,0.00785510241985321,0.9600915312767029,-0.2795746326446533,0,-0.21211738884449005,0.27482059597969055,0.937805712223053,0,0,0.855912983417511,0.3470599949359894,1,0.11758750677108765,0.034925177693367004,-0.9924485683441162,0,0.9616327881813049,-0.2534448504447937,0.10501743108034134,0,-0.24786309897899628,-0.9667193293571472,-0.06338712573051453,0,0.652642011642456,1.576030969619751,-0.03514900058507919,1,0.2045511156320572,-0.2896118462085724,-0.9350310564041138,0,0.8995124101638794,0.43234726786613464,0.06286783516407013,0,0.38605114817619324,-0.8539323210716248,0.34894677996635437,0,0,1.451390027999878,0,1,0.14668133854866028,0.9865099787712097,-0.07268007099628448,0,-0.9869983792304993,0.1410808265209198,-0.07700289040803909,0,-0.0657104104757309,0.08303006738424301,0.9943785071372986,0,0,3.2703590393066406,0,1,0.9002545475959778,-0.08637506514787674,-0.4267091155052185,0,0.12375882267951965,0.9904594421386719,0.060611430555582047,0,0.41740280389785767,-0.10737475007772446,0.902355432510376,0,0,2.8214590549468994,0,1,0.9115036129951477,0.41125786304473877,0.005327409133315086,0,-0.40986549854278564,0.9093431830406189,-0.07144985347986221,0,-0.03422875329852104,0.06294326484203339,0.9974299073219299,0,-0.3050509989261627,0.43549299240112305,0,1,0.9972449541091919,0.07383238524198532,0.007098862901329994,0,-0.07417143136262894,0.993249773979187,0.0891815572977066,0,-0.00046645724796690047,-0.08946246653795242,0.9959904551506042,0,-0.06800000369548798,0.4198940098285675,0,1,0.990437924861908,0.13790862262248993,-0.003732142271474004,0,-0.1379590630531311,0.9900848269462585,-0.026433054357767105,0,0.00004979166988050565,0.026695193722844124,0.9996437430381775,0,-0.004792999941855669,0.4857949912548065,0,1,0.9826390147209167,0.18246547877788544,-0.03357617184519768,0,-0.17892342805862427,0.9798660278320312,0.08859194070100784,0,0.049065131694078445,-0.08104635775089264,0.9955021739006042,0,0,0.9967560172080994,0,1,0.9998888969421387,-0.012026703916490078,0.00878842268139124,0,0.010448942892253399,0.9868016242980957,0.16159777343273163,0,-0.010615918785333633,-0.16148798167705536,0.9868177175521851,0,0.060189999639987946,0.5512700080871582,0,1,0.9997390508651733,0.022572200745344162,-0.003439135616645217,0,-0.022413944825530052,0.9989226460456848,0.04064597189426422,0,0.004352899733930826,-0.040558286011219025,0.9991680383682251,0,-0.026318000629544258,0.4993000030517578,0,1,0.014183614403009415,-0.007566541898995638,0.9998711347579956,0,-0.9706434607505798,-0.24022652208805084,0.011951115913689137,0,0.24010507762432098,-0.970687747001648,-0.010751727037131786,0,-0.652642011642456,1.5792399644851685,-0.05662799999117851,1,0.9638625979423523,-0.2277964949607849,0.13811860978603363,0,0.08440098911523819,0.7528820037841797,0.6527209281921387,0,-0.25267475843429565,-0.6174764633178711,0.7449016571044922,0,0,1.451390027999878,0,1,-0.5161593556404114,-0.8507803678512573,0.09875795245170593,0,0.8512164950370789,-0.5223370790481567,-0.05094052106142044,0,0.09492406249046326,0.05777093023061752,0.9938066601753235,0,0,3.2765069007873535,0,1,0.4713367223739624,0.4439988136291504,0.7620416879653931,0,-0.3832322061061859,0.8813099265098572,-0.27645358443260193,0,-0.7943392395973206,-0.16173596680164337,0.5855478048324585,0,0,2.8292040824890137,0,1,0.9867807030677795,-0.15931783616542816,0.02968752384185791,0,0.16006214916706085,0.986798882484436,-0.024641914293169975,0,-0.025369741022586823,0.02906803973019123,0.9992556571960449,0,0.32116401195526123,0.5079699754714966,0,1,0.9992635250091553,-0.03333500400185585,0.01899934560060501,0,0.031960923224687576,0.9971364736557007,0.06853731721639633,0,-0.021229641512036324,-0.06787963956594467,0.9974679946899414,0,0.08328499644994736,0.4735170006752014,0,1,0.9884707927703857,-0.14868968725204468,0.02858157269656658,0,0.15024934709072113,0.9865933656692505,-0.06370621919631958,0,-0.018725931644439697,0.06726609170436859,0.9975592494010925,0,-0.002070999937132001,0.4775800108909607,0,1,0.9841080904006958,-0.16724362969398499,0.0596812404692173,0,0.16447536647319794,0.9851809144020081,0.04865361005067825,0,-0.0669337585568428,-0.03806427866220474,0.9970309734344482,0,0,1.0201549530029297,0,1,0.999858021736145,0.015857236459851265,-0.00574507936835289,0,-0.014413762837648392,0.9802679419517517,0.19714704155921936,0,0.008757921867072582,-0.19703616201877594,0.9803569912910461,0,-0.07540299743413925,0.5894140005111694,0,1,0.9972160458564758,-0.07430598884820938,-0.00626803794875741,0,0.07441500574350357,0.997037947177887,0.019453424960374832,0,0.004803962539881468,-0.019865689799189568,0.9997910857200623,0,0.0557279996573925,0.5480239987373352,0,1,-0.9870943427085876,-0.1600201278924942,-0.006258582696318626,0,0.08314540982246399,-0.5455054044723511,0.8339728116989136,0,-0.1368664652109146,0.8226891160011292,0.5517700910568237,0,1.022987961769104,-0.6898429989814758,-0.1812169998884201,1,0.9725738167762756,0.09412349760532379,0.212699294090271,0,0.18046265840530396,0.27157333493232727,-0.945347249507904,0,-0.1467428356409073,0.957804262638092,0.2471393197774887,0,0,5.231299877166748,0,1,0.9737935066223145,0.218215674161911,0.06408859044313431,0,-0.17134380340576172,0.5186089873313904,0.8376666307449341,0,0.14955522119998932,-0.8266963958740234,0.5424085259437561,0,0,4.76700496673584,0,1,0.9827244877815247,-0.0004618571838364005,0.18507668375968933,0,-0.10670186579227448,0.8156624436378479,0.568603515625,0,-0.1512226164340973,-0.5785282850265503,0.8015217185020447,0,0,1.9788390398025513,0,1,-0.9950671195983887,-0.034209396690130234,-0.09311645478010178,0,0.0637732595205307,-0.9395900964736938,-0.33630862832069397,0,-0.07598639279603958,-0.3405880331993103,0.9371370077133179,0,-1.022987961769104,-0.6898429989814758,-0.09872400015592575,1,0.9876872897148132,-0.06997953355312347,0.13992099463939667,0,0.12631037831306458,0.8844155669212341,-0.44928327202796936,0,-0.09230759739875793,0.4614245593547821,0.8823645710945129,0,0,5.234388828277588,0,1,0.9892652630805969,0.1286836564540863,-0.06924400478601456,0,-0.08765365928411484,0.9016836881637573,0.4234189987182617,0,0.11692333221435547,-0.41280433535575867,0.9032841324806213,0,0,4.769873142242432,0,1,0.9829204678535461,-0.005166423972696066,-0.18395976722240448,0,0.10507649183273315,0.8364043235778809,0.5379469990730286,0,0.15108542144298553,-0.5480886697769165,0.8226613402366638,0,0,1.9828089475631714,0,1
K0.106,0.9986051321029663,-0.027510633692145348,0.045057497918605804,0,0.019248446449637413,0.9844716787338257,0.17448464035987854,0,-0.049158044159412384,-0.17337407171726227,0.9836285710334778,0,-0.06608683615922928,11.433648109436035,0.3552546501159668,1,0.9596837162971497,0.01458925660699606,-0.280704528093338,0,-0.03968426212668419,0.9956811666488647,-0.08392487466335297,0,0.2782677412033081,0.0916808620095253,0.9561176300048828,0,0,1.2427419424057007,-0.1856590062379837,1,0.9992958307266235,0.003124688286334276,-0.037390708923339844,0,-0.0031124523375183344,0.9999949932098389,0.00038544100243598223,0,0.03739173710346222,-0.00026879284996539354,0.9993008971214294,0,0,1.4659559726715088,0,1,0.9993021488189697,0.003230854170396924,-0.037204984575510025,0,-0.003207949921488762,0.9999949932098389,0.0006753575289621949,0,0.03720696642994881,-0.0005555343232117593,0.9993071556091309,0,0,1.6753770112991333,0,1,0.99663245677948,-0.0640876442193985,0.05115702748298645,0,0.05208877846598625,0.9765993356704712,0.2086630016565323,0,-0.06333264708518982,-0.2052956372499466,0.9766489267349243,0,0,1.8847999572753906,0,1,0.9751644134521484,0.05857841297984123,0.2135964184999466,0,0.0036103588063269854,0.9600582122802734,-0.27977707982063293,0,-0.22145378589630127,0.27359965443611145,0.9360025525093079,0,0,0.855912983417511,0.3470599949359894,1,0.12682801485061646,0.039344340562820435,-0.991144061088562,0,0.9527199864387512,-0.2829751670360565,0.1106782928109169,0,-0.27611467242240906,-0.9583202004432678,-0.07337335497140884,0,0.652642011642456,1.576030969619751,-0.03514900058507919,1,0.3478572368621826,-0.29673850536346436,-0.8893489241600037,0,0.8811947703361511,0.42739489674568176,0.20206400752067566,0,0.320142924785614,-0.8539788722991943,0.4101567566394806,0,0,1.451390027999878,0,1,0.22265420854091644,0.9726093411445618,-0.0667528584599495,0,-0.9730909466743469,0.2175540030002594,-0.07591806352138519,0,-0.059316303580999374,0.08186012506484985,0.9948772192001343,0,0,3.2703590393066406,0,1,0.9166224002838135,-0.08669136464595795,-0.3902404308319092,0,0.060690972954034805,0.9950655698776245,-0.07849747687578201,0,0.3951198160648346,0.04826847463846207,0.9173607230186462,0,0,2.8214590549468994,0,1,0.9082522392272949,0.41841572523117065,0.0025859063025563955,0,-0.41697824001312256,0.9056104421615601,-0.07744813710451126,0,-0.034747350960969925,0.06926418840885162,0.9969932436943054,0,-0.3050509989261627,0.43549299240112305,0,1,0.9963446855545044,0.0853574126958847,0.003349150065332651,0,-0.08534803986549377,0.9930604100227356,0.08091814815998077,0,0.0035810547415167093,-0.08090818673372269,0.996715247631073,0,-0.06800000369548798,0.4198940098285675,0,1,0.9896382093429565,0.14343132078647614,-0.006647736765444279,0,-0.14356768131256104,0.9891804456710815,-0.030175499618053436,0,0.0022476990707218647,0.030817216262221336,0.9995225071907043,0,-0.004792999941855669,0.4857949912548065,0,1,0.9854777455329895,0.1657382696866989,-0.03694170340895653,0,-0.16291111707687378,0.9841820001602173,0.06960544735193253,0,0.047893643379211426,-0.06257639080286026,0.9968899488449097,0,0,0.9967560172080994,0,1,0.9995558261871338,-0.028936780989170074,0.0071633742190897465,0,0.027610955759882927,0.9892711043357849,0.14345631003379822,0,-0.011237685568630695,-0.14319483935832977,0.989630937576294,0,0.060189999639987946,0.5512700080871582,0,1,0.999896228313446,0.014061562716960907,-0.0031221669632941484,0,-0.013956678099930286,0.9994094967842102,0.03139779716730118,0,0.003561825957149267,-0.03135096654295921,0.9995021820068359,0,-0.026318000629544258,0.4993000030517578,0,1,0.020396266132593155,-0.008664751425385475,0.9997546076774597,0,-0.969971239566803,-0.2425745278596878,0.01768624410033226,0,0.2423618733882904,-0.9700942635536194,-0.01335212867707014,0,-0.652642011642456,1.5792399644851685,-0.05662799999117851,1,0.9420983195304871,-0.23153643310070038,0.24257397651672363,0,-0.015468410216271877,0.6925970315933228,0.7211581468582153,0,-0.3349805176258087,-0.6831543445587158,0.6489132046699524,0,0,1.451390027999878,0,1,-0.4735979735851288,-0.8754706382751465,0.0962107926607132,0,0.8759191632270813,-0.47960129380226135,-0.05241946503520012,0,0.09203454852104187,0.059447143226861954,0.9939799308776855,0,0,3.2765069007873535,0,1,0.48377692699432373,0.4240625202655792,0.7655915021896362,0,-0.3151700794696808,0.9004942178726196,-0.2996295392513275,0,-0.8164725303649902,-0.0963376834988594,0.569290280342102,0,0,2.8292040824890137,0,1,0.9826846718788147,-0.18377476930618286,0.02360186167061329,0,0.1845712810754776,0.9820930361747742,-0.03777003660798073,0,-0.016238048672676086,0.04147227481007576,0.9990075826644897,0,0.32116401195526123,0.5079699754714966,0,1,0.9990191459655762,-0.04092974215745926,0.016877200454473495,0,0.03981451317667961,0.9972927570343018,0.06182759627699852,0,-0.019362105056643486,-0.061095014214515686,0.9979444742202759,0,0.08328499644994736,0.4735170006752014,0,1,0.9878888726234436,-0.15252961218357086,0.028470169752836227,0,0.15413594245910645,0.9857694506645203,-0.06709299236536026,0,-0.01783134415745735,0.07066866755485535,0.9973404407501221,0,-0.002070999937132001,0.4775800108909607,0,1,0.9841080904006958,-0.1672436147928238,0.05968127027153969,0,0.16447536647319794,0.9851809144020081,0.0486532486975193,0,-0.06693372875452042,-0.03806391730904579,0.9970309734344482,0,0,1.0201549530029297,0,1,0.999858021736145,0.015857238322496414,-0.005745071452111006,0,-0.014413762837648392,0.9802680611610413,0.197147935628891,0,0.00875792745500803,-0.19703704118728638,0.9803569316864014,0,-0.07540299743413925,0.5894140005111694,0,1,0.9972160458564758,-0.07430598884820938,-0.006268051452934742,0,0.07441501319408417,0.9970380663871765,0.019453786313533783,0,0.004803949035704136,-0.01986604928970337,0.9997910261154175,0,0.0557279996573925,0.5480239987373352,0,1,-0.9875832200050354,-0.1536807417869568,-0.032589707523584366,0,0.07295149564743042,-0.6323508620262146,0.7712395191192627,0,-0.1391327828168869,0.759285569190979,0.6357100605964661,0,1.022987961769104,-0.6898429989814758,-0.1812169998884201,1,0.9786841869354248,-0.026529386639595032,0.20364990830421448,0,0.16414855420589447,0.6969727873802185,-0.6980574727058411,0,-0.12341934442520142,0.7166063189506531,0.6864706873893738,0,0,5.231299877166748,0,1,0.9930323958396912,0.09820111095905304,0.06514529883861542,0,-0.10244981199502945,0.4462185502052307,0.8890408277511597,0,0.05823571979999542,-0.8895200490951538,0.45316994190216064,0,0,4.76700496673584,0,1,0.9826891422271729,-0.000830397941172123,0.18525949120521545,0,-0.10686156898736954,0.8143253922462463,0.5704858899116516,0,-0.15133529901504517,-0.5804076194763184,0.800140380859375,0,0,1.9788390398025513,0,1,-0.9935954809188843,-0.029786035418510437,-0.1089971661567688,0,0.06192254647612572,-0.9504180550575256,-0.3047490119934082,0,-0.09451555460691452,-0.30954647064208984,0.9461750388145447,0,-1.022987961769104,-0.6898429989814758,-0.09872400015592575,1,0.9804773330688477,0.012074122205376625,0.19626246392726898,0,0.14238812029361725,0.6447657346725464,-0.7510009407997131,0,-0.13561102747917175,0.7642850875854492,0.6304591298103333,0,0,5.234388828277588,0,1,0.9888632893562317,0.1406310349702835,-0.04871682822704315,0,-0.09959961473941803,0.8685362935066223,0.48551520705223083,0,0.11059079319238663,-0.4752557575702667,0.8728700280189514,0,0,4.769873142242432,0,1,0.9823315739631653,0.0010383619228377938,-0.18714573979377747,0,0.10775293409824371,0.8144670128822327,0.5701161623001099,0,0.15301606059074402,-0.5802087783813477,0.7999649047851562,0,0,1.9828089475631714,0,1
