0.967,30,29,41
B0,mixamorig_Hips,-1,0.9961826801300049,-0.0296467412263155,-0.08210350573062897,0,0.03203516826033592,0.9990964531898499,0.027927307412028313,0,0.08120138943195343,-0.030450906604528427,0.9962325692176819,0,0.14269837737083435,11.84640121459961,0.13548338413238525,1
B1,mixamorig_Spine,0,0.9993820190429688,0.03420631214976311,-0.008090516552329063,0,-0.03492588922381401,0.9923005104064941,-0.1188264936208725,0,0.003963609226047993,0.11903567612171173,0.9928823113441467,0,0,1.1614660024642944,-0.17178399860858917,1
B2,mixamorig_Spine1,1,0.999968409538269,-0.003582489211112261,-0.007043384946882725,0,0.0037212963216006756,0.9997968077659607,0.01979408971965313,0,0.006971045397222042,-0.01981968805193901,0.9997791647911072,0,0,1.369784951210022,0,1
B3,mixamorig_Spine2,2,0.9998847842216492,-0.012961708009243011,-0.007875640876591206,0,0.012478237971663475,0.9982030391693115,-0.05861305072903633,0,0.00862121395766735,0.058508019894361496,0.9982497096061707,0,0,1.5654679536819458,0,1
B4,mixamorig_Neck,3,0.999546468257904,-0.024199770763516426,0.017922217026352882,0,0.0225052610039711,0.9957439303398132,0.08937069028615952,0,-0.020008690655231476,-0.08892682194709778,0.9958370923995972,0,0,1.7611509561538696,0,1
B5,mixamorig_Head,4,0.9970741868019104,0.015024140477180481,0.07494666427373886,0,-0.015262925066053867,0.9998798370361328,0.0026142974384129047,0,-0.07489842176437378,-0.0037505559157580137,0.9971842169761658,0,0,0.9798849821090698,0.3119800090789795,1
B6,mixamorig_HeadTop_End,5,1,0,0,0,0,1,0,0,0,0,1,0,0,2.8381810188293457,1.1283719539642334,1
B7,mixamorig_LeftShoulder,3,0.30055803060531616,0.10542479902505875,-0.9479192495346069,0,0.9228520393371582,-0.2831234037876129,0.2611217498779297,0,-0.24084949493408203,-0.9532716870307922,-0.18238653242588043,0,0.6561779975891113,1.4388259649276733,-0.03311299905180931,1
B8,mixamorig_LeftArm,7,0.9341988563537598,-0.20700864493846893,-0.2905515730381012,0,0.3485740125179291,0.35625457763671875,0.8669362664222717,0,-0.0759529396891594,-0.9111694693565369,0.4049704372882843,0,0,1.495182991027832,0,1
B9,mixamorig_LeftForeArm,8,0.8491390347480774,0.5278062224388123,-0.019575655460357666,0,-0.5280854105949402,0.8477611541748047,-0.04926075413823128,0,-0.009404655545949936,0.05216684937477112,0.9985939860343933,0,0,3.1777119636535645,0,1
B10,mixamorig_LeftHand,9,0.10208183526992798,0.36855068802833557,-0.923985481262207,0,0.045773234218358994,0.9261136651039124,0.3744565546512604,0,0.993722677230835,-0.08051906526088715,0.07766969501972198,0,0,2.8114230632781982,0,1
B11,mixamorig_LeftHandThumb1,10,0.8444240689277649,0.06229059025645256,-0.5320412516593933,0,-0.1654042750597,0.975001871585846,-0.1483680158853531,0,0.5094990730285645,0.2132873237133026,0.8336177468299866,0,-0.23947900533676147,0.4703890085220337,0,1
B12,mixamorig_LeftHandThumb2,11,0.9830332398414612,0.038738664239645004,0.1792893409729004,0,-0.0923486053943634,0.9490527510643005,0.3012823164463043,0,-0.15848372876644135,-0.3127276301383972,0.9365277290344238,0,-0.03739999979734421,0.42061299085617065,0,1
B13,mixamorig_LeftHandThumb3,12,0.8517504930496216,0.41080442070961,-0.3252074718475342,0,-0.4663926064968109,0.8772875666618347,-0.11333224177360535,0,0.23874323070049286,0.2482052892446518,0.9388267993927002,0,-0.019526999443769455,0.46268200874328613,0,1
B14,mixamorig_LeftHandThumb4,13,1,0,0,0,0,1,0,0,0,0,1,0,0.062460001558065414,0.4080809950828552,0,1
B15,mixamorig_LeftHandIndex1,10,0.9887154698371887,0.10392840206623077,-0.10788896679878235,0,-0.09686411917209625,0.9929176568984985,0.06878636032342911,0,0.11427371203899384,-0.057559575885534286,0.9917799234390259,0,0,0.8969519734382629,0,1
B16,mixamorig_LeftHandIndex2,15,0.9981086850166321,-0.06138655170798302,-0.003284388454630971,0,0.06069961190223694,0.9756669402122498,0.2106878161430359,0,-0.009728929027915001,-0.2104887068271637,0.977547824382782,0,0.08578500151634216,0.5953440070152283,0,1
B17,mixamorig_LeftHandIndex3,16,0.9833362698554993,0.1811857521533966,0.01490629743784666,0,-0.18169967830181122,0.9821895360946655,0.04784144461154938,0,-0.005972616374492645,-0.04975266754627228,0.9987433552742004,0,-0.07912600040435791,0.5678529739379883,0,1
B18,mixamorig_LeftHandIndex4,17,1,0,0,0,0,1,0,0,0,0,1,0,-0.02212500013411045,0.491921991109848,0,1
B19,mixamorig_RightShoulder,3,0.06353836506605148,0.02920607104897499,0.997552216053009,0,-0.9658493399620056,-0.24979367852210999,0.06883249431848526,0,0.25119251012802124,-0.9678585529327393,0.012337137013673782,0,-0.6561779975891113,1.4430400133132935,-0.06160899996757507,1
B20,mixamorig_RightArm,19,0.9421772360801697,-0.033738501369953156,0.33341196179389954,0,-0.2798078954219818,0.46831029653549194,0.8380885720252991,0,-0.1844162791967392,-0.8829200863838196,0.43179139494895935,0,0,1.495182991027832,0,1
B21,mixamorig_RightForeArm,20,0.8303923606872559,-0.556891918182373,0.01785958744585514,0,0.5571646094322205,0.8297196626663208,-0.03365732356905937,0,0.003925040829926729,0.03789952024817467,0.9992734789848328,0,0,3.1834919452667236,0,1
B22,mixamorig_RightHand,21,0.2770423889160156,-0.09827183187007904,0.9558192491531372,0,0.05947136878967285,0.994602382183075,0.08502162992954254,0,-0.9590153098106384,0.03328927978873253,0.28139135241508484,0,0,2.819844961166382,0,1
B23,mixamorig_RightHandThumb1,22,0.9332332015037537,-0.25034138560295105,0.2576899528503418,0,0.28198713064193726,0.9548397064208984,-0.09361568093299866,0,-0.22261689603328705,0.16003063321113586,0.9616819620132446,0,0.2759990096092224,0.4979900121688843,0,1
B24,mixamorig_RightHandThumb2,23,0.985052764415741,0.11958305537700653,0.12398044764995575,0,-0.11963175237178802,0.9927929639816284,-0.007078765891492367,0,-0.12393335998058319,-0.00785903725773096,0.9922589063644409,0,0.054754000157117844,0.4521830081939697,0,1
B25,mixamorig_RightHandThumb3,24,0.9317978620529175,-0.3463228642940521,-0.10868851095438004,0,0.31954437494277954,0.9246965646743774,-0.20694750547409058,0,0.17217448353767395,0.1581023931503296,0.9722955226898193,0,0.002435999922454357,0.47156599164009094,0,1
B26,mixamorig_RightHandThumb4,25,1,0,0,0,0,1,0,0,0,0,1,0,-0.09879899770021439,0.36491599678993225,0,1
B27,mixamorig_RightHandIndex1,22,0.9554877877235413,-0.2943907678127289,0.0194395724684,0,0.2910466194152832,0.9513258337974548,0.10134360194206238,0,-0.0483279712498188,-0.09117472171783447,0.994661271572113,0,0,0.9721270203590393,0,1
B28,mixamorig_RightHandIndex2,27,0.9857211112976074,-0.16231514513492584,-0.04480414092540741,0,0.16822874546051025,0.9378318786621094,0.3035951256752014,0,-0.007259333971887827,-0.3067975640296936,0.9517471194267273,0,-0.06733100116252899,0.5684720277786255,0,1
B29,mixamorig_RightHandIndex3,28,0.9731118083000183,-0.2300061583518982,-0.012300143949687481,0,0.2284729778766632,0.9570928812026978,0.1782502830028534,0,-0.029226282611489296,-0.17626771330833435,0.9839086532592773,0,0.03313799947500229,0.5351600050926208,0,1
B30,mixamorig_RightHandIndex4,29,1,0,0,0,0,1,0,0,0,0,1,0,0.02390800043940544,0.4435960054397583,0,1
B31,mixamorig_LeftUpLeg,0,-0.9995247721672058,0.015590999275445938,-0.026591017842292786,0,-0.02761385776102543,-0.8362447619438171,0.547660231590271,0,-0.013698034919798374,0.548134446144104,0.8362782001495361,0,1.0567330121994019,-0.6451150178909302,-0.23938700556755066,1
B32,mixamorig_LeftLeg,31,0.992516040802002,0.1220693439245224,0.003302627708762884,0,-0.08092857152223587,0.6777823567390442,-0.7307952642440796,0,-0.0914461687207222,0.7250587344169617,0.6825887560844421,0,0,5.242112159729004,0,1
B33,mixamorig_LeftFoot,32,0.9984893202781677,0.01537963654845953,0.052751556038856506,0,-0.053385719656944275,0.49880921840667725,0.86506587266922,0,-0.013008564710617065,-0.866575300693512,0.49887678027153015,0,0,5.137761116027832,0,1
B34,mixamorig_LeftToeBase,33,0.9749552011489868,-0.0005899795796722174,0.22239981591701508,0,-0.12773799896240234,0.8171147108078003,0.5621448159217834,0,-0.18205781280994415,-0.5764749050140381,0.7965747714042664,0,0,1.9926340579986572,0,1
B35,mixamorig_LeftToe_End,34,1,0,0,0,0,1,0,0,0,0,1,0,0,0.7514510154724121,0,1
B36,mixamorig_RightUpLeg,0,-0.9670138955116272,-0.12366098165512085,-0.22269189357757568,0,0.11014581471681595,-0.991291880607605,0.07216964662075043,0,-0.22967728972434998,0.0452604778110981,0.9722139835357666,0,-1.0567330121994019,-0.6451150178909302,-0.17966599762439728,1
B37,mixamorig_RightLeg,36,0.9967436790466309,-0.016085369512438774,0.0790104866027832,0,0.04508836939930916,0.9235653877258301,-0.38078054785728455,0,-0.06684639304876328,0.38310331106185913,0.9212838411331177,0,0,5.242802143096924,0,1
B38,mixamorig_RightFoot,37,0.9893594980239868,-0.12211776524782181,-0.07909199595451355,0,0.11205915361642838,0.2928631603717804,0.949565052986145,0,-0.09279557317495346,-0.9483236074447632,0.3034311830997467,0,0,5.137811183929443,0,1
B39,mixamorig_RightToeBase,38,0.9746059775352478,0.007910335436463356,-0.22378750145435333,0,0.1314016431570053,0.7890204787254333,0.6001508235931396,0,0.1813201606273651,-0.6143161654472351,0.7679440379142761,0,0,1.9670729637145996,0,1
B40,mixamorig_RightToe_End,39,1,0,0,0,0,1,0,0,0,0,1,0,0,0.7490540146827698,0,1
@34,0,1,2,3,4,5,7,8,9,10,11,12,13,15,16,17,19,20,21,22,23,24,25,27,28,29,31,32,33,34,36,37,38,39
K0.000,0.9810939431190491,-0.08365906774997711,-0.17451438307762146,0,0.08146893978118896,0.9964810013771057,-0.019688867032527924,0,0.17554759979248047,0.0050991312600672245,0.9844580888748169,0,0.06578399986028671,11.865196228027344,0.17332400381565094,1,0.9979879856109619,0.061244066804647446,0.016381241381168365,0,-0.059276942163705826,0.993071973323822,-0.10146310180425644,0,-0.022481760010123253,0.10028789937496185,0.994704008102417,0,0,1.1614660024642944,-0.17178399860858917,1,0.9991000294685364,0.007585748098790646,0.04172453284263611,0,-0.00877625122666359,0.9995570182800293,0.02842368558049202,0,-0.041490472853183746,-0.02876431867480278,0.9987249970436096,0,0,1.369784951210022,0,1,0.9991949796676636,0.0005620183073915541,0.040108826011419296,0,0.0014880181988701224,0.9986940026283264,-0.051063694059848785,0,-0.04008517786860466,0.0510823093354702,0.9978899955749512,0,0,1.5654679536819458,0,1,0.9996509552001953,-0.018872849643230438,0.01850043423473835,0,0.017169145867228508,0.9959479570388794,0.08828023821115494,0,-0.02009156160056591,-0.08793175220489502,0.9959239959716797,0,0,1.7611509561538696,0,1,0.9977390170097351,0.006990673951804638,0.06684999912977219,0,-0.005402326583862305,0.9996989965438843,-0.023911111056804657,0,-0.06699700653553009,0.023495890200138092,0.9974759817123413,0,0,0.9798849821090698,0.3119800090789795,1,0.3516082465648651,0.11705204099416733,-0.9288009405136108,0,0.9187899827957153,-0.2333151251077652,0.31841492652893066,0,-0.17943215370178223,-0.9653299450874329,-0.18958167731761932,0,0.6561779975891113,1.4388259649276733,-0.03311299905180931,1,0.9789660573005676,-0.016489647328853607,-0.2033568024635315,0,0.19279532134532928,0.4008749723434448,0.8956169486045837,0,0.06675219535827637,-0.9159840941429138,0.39562180638313293,0,0,1.495182991027832,0,1,0.807636022567749,0.5892141461372375,-0.023446831852197647,0,-0.5895259380340576,0.8058750629425049,-0.05499197170138359,0,-0.013506832532584667,0.05823603272438049,0.9982110261917114,0,0,3.1777119636535645,0,1,0.40725913643836975,0.14561493694782257,-0.9016299247741699,0,-0.3526250720024109,0.9357290267944336,-0.008155947551131248,0,0.8424940705299377,0.3212590515613556,0.4324318766593933,0,0,2.8114230632781982,0,1,0.8205379247665405,0.2097308486700058,-0.5317240953445435,0,-0.26526015996932983,0.9637349843978882,-0.02920886129140854,0,0.5063149333000183,0.16501213610172272,0.8464139699935913,0,-0.23947900533676147,0.4703890085220337,0,1,0.9262381196022034,-0.02207917347550392,0.37629276514053345,0,-0.05590217188000679,0.9791969656944275,0.19505713880062103,0,-0.3727712631225586,-0.20170487463474274,0.9057349562644958,0,-0.03739999979734421,0.42061299085617065,0,1,0.9316369295120239,0.29929423332214355,-0.20609301328659058,0,-0.3049807548522949,0.9523480534553528,0.004371676594018936,0,0.1975809931755066,0.05878167599439621,0.9785230755805969,0,-0.019526999443769455,0.46268200874328613,0,1,0.9967530369758606,0.050979599356651306,-0.06232064962387085,0,-0.05032140389084816,0.9986600279808044,0.01208715420216322,0,0.06285335123538971,-0.008911846205592155,0.9979829788208008,0,0,0.8969519734382629,0,1,0.9976840019226074,-0.06790874153375626,-0.0038569641765207052,0,0.06725525856018066,0.9764369130134583,0.20505520701408386,0,-0.0101589635014534,-0.2048397660255432,0.9787430167198181,0,0.08578500151634216,0.5953440070152283,0,1,0.9844829440116882,0.17486409842967987,0.014671075157821178,0,-0.17533589899539948,0.9836099743843079,0.04206518083810806,0,-0.007074923254549503,-0.04398481175303459,0.999006986618042,0,-0.07912600040435791,0.5678529739379883,0,1,0.02440948784351349,0.028557540848851204,0.9992939829826355,0,-0.9582360982894897,-0.2842347025871277,0.03152937442064285,0,0.2849344313144684,-0.9583292007446289,0.02042682282626629,0,-0.6561779975891113,1.4430400133132935,-0.06160899996757507,1,0.840979814529419,0.044995930045843124,0.539192259311676,0,-0.49995309114456177,0.4456557333469391,0.7425881028175354,0,-0.20688076317310333,-0.8940728306770325,0.3972834646701813,0,0,1.495182991027832,0,1,0.84385085105896,-0.5363061428070068,0.017046747729182243,0,0.5365689396858215,0.8432340621948242,-0.032412733882665634,0,0.0030087484046816826,0.03649826720356941,0.9993289709091187,0,0,3.1834919452667236,0,1,0.2654617130756378,-0.1444443315267563,0.9532400965690613,0,0.10925368219614029,0.9868519902229309,0.11911218613386154,0,-0.95791095495224,0.07252518087625504,0.27775222063064575,0,0,2.819844961166382,0,1,0.9384610056877136,-0.2324807345867157,0.25542721152305603,0,0.2607932686805725,0.9618419408798218,-0.08274205029010773,0,-0.2264447808265686,0.14426393806934357,0.9632810354232788,0,0.2759990096092224,0.4979900121688843,0,1,0.9829999208450317,0.10833005607128143,0.14824000000953674,0,-0.10838894546031952,0.994079053401947,-0.007705786731094122,0,-0.1481969803571701,-0.008492786437273026,0.9889209866523743,0,0.054754000157117844,0.4521830081939697,0,1,0.9326728582382202,-0.34196314215660095,-0.1148163378238678,0,0.31559786200523376,0.9277090430259705,-0.19938600063323975,0,0.17469868063926697,0.1497259885072708,0.973171055316925,0,0.002435999922454357,0.47156599164009094,0,1,0.9607769846916199,-0.2764350175857544,0.022156359627842903,0,0.27277490496635437,0.9564120173454285,0.10425592958927155,0,-0.050010643899440765,-0.09412308037281036,0.9943040013313293,0,0,0.9721270203590393,0,1,0.9853590130805969,-0.16434897482395172,-0.04534589499235153,0,0.17031703889369965,0.9369219541549683,0.305237352848053,0,-0.007679890841245651,-0.30849164724349976,0.9511961936950684,0,-0.06733100116252899,0.5684720277786255,0,1,0.9726199507713318,-0.23205803334712982,-0.012612239457666874,0,0.23049293458461761,0.956275999546051,0.18002398312091827,0,-0.029715238139033318,-0.1780019849538803,0.983581006526947,0,0.03313799947500229,0.5351600050926208,0,1,-0.9978539943695068,-0.06533297151327133,0.00443873880431056,0,0.061632029712200165,-0.9140989780426025,0.40078094601631165,0,-0.022126739844679832,0.4001940190792084,0.9161629676818848,0,1.0567330121994019,-0.6451150178909302,-0.23938700556755066,1,0.992760956287384,0.08015846461057663,-0.08944283425807953,0,-0.11183454841375351,0.3453637659549713,-0.9317811131477356,0,-0.043799836188554764,0.9350388646125793,0.3518282473087311,0,0,5.242112159729004,0,1,0.9979479908943176,0.045619942247867584,0.044918131083250046,0,-0.06265906244516373,0.5519658327102661,0.8315090537071228,0,0.013140132650732994,-0.8326179385185242,0.553692102432251,0,0,5.137761116027832,0,1,0.9745599627494812,-0.0051537468098104,0.22406621277332306,0,-0.12943974137306213,0.8032093048095703,0.5814635753631592,0,-0.18296882510185242,-0.5956743359565735,0.7821087837219238,0,0,1.9926340579986572,0,1,-0.9613298177719116,-0.19769223034381866,-0.1917368322610855,0,0.16093076765537262,-0.9682239294052124,0.19142280519008636,0,-0.22348712384700775,0.15316419303417206,0.9625980257987976,0,-1.0567330121994019,-0.6451150178909302,-0.17966599762439728,1,0.9993399381637573,-0.020241083577275276,0.030166134238243103,0,0.030327916145324707,0.9219710826873779,-0.3860688805580139,0,-0.019997863098978996,0.3867291212081909,0.9219769239425659,0,0,5.242802143096924,0,1,0.9789040088653564,-0.13260391354560852,-0.15544727444648743,0,0.19621410965919495,0.3978952169418335,0.8962029814720154,0,-0.05698826164007187,-0.90779709815979,0.41551974415779114,0,0,5.137811183929443,0,1,0.9744999408721924,0.009143100120127201,-0.22420306503772736,0,0.13186509907245636,0.7850998044013977,0.6051691770553589,0,0.18155492842197418,-0.6193019151687622,0.7638741135597229,0,0,1.9670729637145996,0,1
K0.035,0.9872363805770874,-0.06311273574829102,-0.1462252140045166,0,0.0637531504034996,0.9979657530784607,-0.0003072085964959115,0,0.14594708383083344,-0.009019026532769203,0.989251434803009,0,0.09359512478113174,11.900174140930176,0.15558072924613953,1,0.9986736178398132,0.051124636083841324,0.006081894040107727,0,-0.050170134752988815,0.9928802251815796,-0.10803410410881042,0,-0.01156180165708065,0.10758573561906815,0.9941287040710449,0,0,1.1614660024642944,-0.17178399860858917,1,0.9997666478157043,0.0011494882637634873,0.02158222533762455,0,-0.0016437098383903503,0.9997368454933167,0.02289571426808834,0,-0.02155020460486412,-0.02292582392692566,0.9995044469833374,0,0,1.369784951210022,0,1,0.9997687935829163,-0.006982020568102598,0.020347831770777702,0,0.008113324642181396,0.9983950853347778,-0.05605678632855415,0,-0.01992376521229744,0.056208860129117966,0.998219907283783,0,0,1.5654679536819458,0,1,0.9996549487113953,-0.01512175053358078,0.0214681513607502,0,0.012998350895941257,0.9953144788742065,0.09581786394119263,0,-0.02281649224460125,-0.0955057442188263,0.9951674938201904,0,0,1.7611509561538696,0,1,0.9971206784248352,0.015279450453817844,0.074273020029068,0,-0.014769437722861767,0.9998634457588196,-0.007411188445985317,0,-0.07437610626220703,0.0062928772531449795,0.9972099661827087,0,0,0.9798849821090698,0.3119800090789795,1,0.3504762053489685,0.113895945250988,-0.9296202659606934,0,0.9166764616966248,-0.24521763622760773,0.3155525028705597,0,-0.19201910495758057,-0.9627545475959778,-0.19034868478775024,0,0.6561779975891113,1.4388259649276733,-0.03311299905180931,1,0.9680625200271606,-0.08639980107545853,-0.23535233736038208,0,0.2505631148815155,0.36556461453437805,0.8964264988899231,0,0.008585399948060513,-0.9267669916152954,0.37553781270980835,0,0,1.495182991027832,0,1,0.8432218432426453,0.537189781665802,-0.02012774348258972,0,-0.5374736785888672,0.8417889475822449,-0.05013652890920639,0,-0.00998951680958271,0.05309433862566948,0.9985399842262268,0,0,3.1777119636535645,0,1,0.3162458837032318,0.21852163970470428,-0.9231666326522827,0,-0.21759068965911865,0.9638748168945312,0.15361836552619934,0,0.9233869314193726,0.1522914618253708,0.35237011313438416,0,0,2.8114230632781982,0,1,0.832823634147644,0.14983485639095306,-0.5328739285469055,0,-0.22488613426685333,0.9712269902229309,-0.078380286693573,0,0.5057975649833679,0.18511293828487396,0.8425567150115967,0,-0.23947900533676147,0.4703890085220337,0,1,0.9574149250984192,0.08070793747901917,0.2772050201892853,0,-0.13193252682685852,0.9763254523277283,0.17141450941562653,0,-0.2568076550960541,-0.20068705081939697,0.9453960061073303,0,-0.03739999979734421,0.42061299085617065,0,1,0.8843406438827515,0.3700609803199768,-0.28459814190864563,0,-0.40619468688964844,0.9104201197624207,-0.07836844027042389,0,0.23010271787643433,0.18490661680698395,0.9554380774497986,0,-0.019526999443769455,0.46268200874328613,0,1,0.992690920829773,0.09394814819097519,-0.07575259357690811,0,-0.08954833447933197,0.9942016005516052,0.059530362486839294,0,0.08090610802173615,-0.0523117259144783,0.9953477382659912,0,0,0.8969519734382629,0,1,0.9978689551353455,-0.06514991074800491,-0.003618922084569931,0,0.06448226422071457,0.9761201739311218,0.2074396312236786,0,-0.009982173331081867,-0.20723098516464233,0.9782412648200989,0,0.08578500151634216,0.5953440070152283,0,1,0.9840027093887329,0.1775399148464203,0.014766051433980465,0,-0.17803019285202026,0.9830182790756226,0.04450906813144684,0,-0.0066131590865552425,-0.04642583057284355,0.9988996982574463,0,-0.07912600040435791,0.5678529739379883,0,1,0.03046458587050438,0.028599290177226067,0.9991263747215271,0,-0.9576587677001953,-0.28547030687332153,0.037371549755334854,0,0.286289781332016,-0.957960844039917,0.018691662698984146,0,-0.6561779975891113,1.4430400133132935,-0.06160899996757507,1,0.8917165994644165,0.022299103438854218,0.4520438015460968,0,-0.40903961658477783,0.46720850467681885,0.7838379740715027,0,-0.19371992349624634,-0.8838655352592468,0.42573902010917664,0,0,1.495182991027832,0,1,0.83536696434021,-0.5494120717048645,0.017559612169861794,0,0.5496806502342224,0.8347139954566956,-0.03320483863353729,0,0.0035858897026628256,0.03739042580127716,0.9992942810058594,0,0,3.1834919452667236,0,1,0.25329554080963135,-0.11348718404769897,0.9607088565826416,0,0.08164450526237488,0.9920595288276672,0.0956646203994751,0,-0.9639373421669006,0.05420519784092903,0.26054996252059937,0,0,2.819844961166382,0,1,0.9399176239967346,-0.23076333105564117,0.25160273909568787,0,0.2601014971733093,0.9613864421844482,-0.08990851789712906,0,-0.2211398333311081,0.14994880557060242,0.9636456966400146,0,0.2759990096092224,0.4979900121688843,0,1,0.9839332103729248,0.11086437106132507,0.1399466097354889,0,-0.11137542873620987,0.9937697649002075,-0.004199306480586529,0,-0.1395401954650879,-0.011454770341515541,0.9901500940322876,0,0.054754000157117844,0.4521830081939697,0,1,0.9322786331176758,-0.3439587950706482,-0.11202194541692734,0,0.317394882440567,0.9263434410095215,-0.202848881483078,0,0.1735425740480423,0.15355658531188965,0.9727815985679626,0,0.002435999922454357,0.47156599164009094,0,1,0.9589467644691467,-0.2827589809894562,0.021650919690728188,0,0.27926647663116455,0.954857587814331,0.10128172487020493,0,-0.04931182041764259,-0.09107732772827148,0.9946218132972717,0,0,0.9721270203590393,0,1,0.985331118106842,-0.16450580954551697,-0.045387692749500275,0,0.1704780012369156,0.936851441860199,0.3053644299507141,0,-0.007712694350630045,-0.3086225986480713,0.9511532187461853,0,-0.06733100116252899,0.5684720277786255,0,1,0.9725822806358337,-0.23221659660339355,-0.012636875733733177,0,0.23064902424812317,0.9562127590179443,0.18016156554222107,0,-0.0297529473900795,-0.17813652753829956,0.9835556149482727,0,0.03313799947500229,0.5351600050926208,0,1,-0.999579668045044,-0.0219150111079216,-0.018978828564286232,0,0.01000064518302679,-0.8751235604286194,0.48379701375961304,0,-0.02721123769879341,0.48340386152267456,0.8749748468399048,0,1.0567330121994019,-0.6451150178909302,-0.23938700556755066,1,0.9917551279067993,0.11523976922035217,-0.056048668920993805,0,-0.10318830609321594,0.458812415599823,-0.8825204968452454,0,-0.07598569989204407,0.8810285329818726,0.4669213891029358,0,0,5.242112159729004,0,1,0.9986568093299866,0.00891267042607069,0.0510355643928051,0,-0.04840768128633499,0.5115246772766113,0.8579039573669434,0,-0.018459731712937355,-0.8592220544815063,0.5112690329551697,0,0,5.137761116027832,0,1,0.9747886657714844,-0.0025107909459620714,0.2231166809797287,0,-0.12845322489738464,0.8113040328025818,0.5703372955322266,0,-0.18244747817516327,-0.5846184492111206,0.7905275225639343,0,0,1.9926340579986572,0,1,-0.9629132151603699,-0.1751638501882553,-0.20521974563598633,0,0.14784707129001617,-0.9788010716438293,0.14173421263694763,0,-0.22569619119167328,0.10613670200109482,0.9683988094329834,0,-1.0567330121994019,-0.6451150178909302,-0.17966599762439728,1,0.9991421103477478,-0.02675451897084713,0.03162609785795212,0,0.03679690882563591,0.9238654971122742,-0.38094380497932434,0,-0.01902628317475319,0.3817804753780365,0.9240568280220032,0,0,5.242802143096924,0,1,0.984923779964447,-0.12663333117961884,-0.11785418540239334,0,0.15678666532039642,0.3655739426612854,0.9174818396568298,0,-0.07309938967227936,-0.9221279621124268,0.3799170255661011,0,0,5.137811183929443,0,1,0.9745210409164429,0.00888932216912508,-0.22411827743053436,0,0.13176926970481873,0.7859100699424744,0.6041369438171387,0,0.18150728940963745,-0.6182764768600464,0.7647150158882141,0,0,1.9670729637145996,0,1
K0.069,0.9938864707946777,-0.04021846130490303,-0.1028173416852951,0,0.042548395693302155,0.9988821744918823,0.02056821994483471,0,0.10187526792287827,-0.0248172078281641,0.9944875836372375,0,0.12738388776779175,11.87142562866211,0.138423353433609,1,0.9992426037788391,0.038630370050668716,-0.004674349445849657,0,-0.0389118492603302,0.9924665093421936,-0.11617200076580048,0,0.00015136768342927098,0.11626594513654709,0.9932183623313904,0,0,1.1614660024642944,-0.17178399860858917,1,0.9999994039535522,-0.0008542417781427503,-0.0000022672213617624948,0,0.0008541066199541092,0.9997864961624146,0.020619120448827744,0,-0.000015346990039688535,-0.02061912789940834,0.9997875094413757,0,0,1.369784951210022,0,1,0.9999496936798096,-0.00998443178832531,-0.0009437731350772083,0,0.009913060814142227,0.9982737898826599,-0.05788904428482056,0,0.0015201332280412316,0.05787677690386772,0.998322606086731,0,0,1.5654679536819458,0,1,0.9995760917663574,-0.02144576609134674,0.01968422904610634,0,0.01954464428126812,0.9955528378486633,0.09215665608644485,0,-0.021573049947619438,-0.09173282980918884,0.9955494999885559,0,0,1.7611509561538696,0,1,0.9968216419219971,0.016320977360010147,0.0779757872223854,0,-0.016507593914866447,0.9998621344566345,0.0017492580227553844,0,-0.07793650031089783,-0.00303089153021574,0.9969538450241089,0,0,0.9798849821090698,0.3119800090789795,1,0.3233104646205902,0.10715708881616592,-0.9402064681053162,0,0.9187963008880615,-0.2733185589313507,0.2847975194454193,0,-0.2264578491449356,-0.9559366106987,-0.18682236969470978,0,0.6561779975891113,1.4388259649276733,-0.03311299905180931,1,0.9458479285240173,-0.17315657436847687,-0.2745700776576996,0,0.32006320357322693,0.3563942611217499,0.8778054118156433,0,-0.054142553359270096,-0.9181499481201172,0.3925156891345978,0,0,1.495182991027832,0,1,0.8491072058677673,0.527856707572937,-0.019578684121370316,0,-0.5281361937522888,0.847729504108429,-0.04926546290516853,0,-0.00940768327564001,0.052171897143125534,0.9985940456390381,0,0,3.1777119636535645,0,1,0.16774365305900574,0.3291580080986023,-0.9292557239532471,0,-0.03411645069718361,0.9439857006072998,0.328217089176178,0,0.9852404594421387,-0.023353425785899162,0.169577494263649,0,0,2.8114230632781982,0,1,0.8421298861503601,0.08595988154411316,-0.5323803424835205,0,-0.18119937181472778,0.974921703338623,-0.1292107254266739,0,0.5079216361045837,0.20527897775173187,0.8365856409072876,0,-0.23947900533676147,0.4703890085220337,0,1,0.9821768403053284,0.06471861898899078,0.17646415531635284,0,-0.11369611322879791,0.9521774053573608,0.28360477089881897,0,-0.14967072010040283,-0.29861339926719666,0.9425650835037231,0,-0.03739999979734421,0.42061299085617065,0,1,0.8561533093452454,0.4088897705078125,-0.31592637300491333,0,-0.460361510515213,0.8812602758407593,-0.10699241608381271,0,0.2346653789281845,0.2370423823595047,0.942731499671936,0,-0.019526999443769455,0.46268200874328613,0,1,0.9888463020324707,0.11475776135921478,-0.09493638575077057,0,-0.10696384310722351,0.9907516241073608,0.08348370343446732,0,0.10363879054784775,-0.07239779829978943,0.9919760823249817,0,0,0.8969519734382629,0,1,0.9979920983314514,-0.06324975192546844,-0.003451800439506769,0,0.0625724047422409,0.9758942723274231,0.20907999575138092,0,-0.009855661541223526,-0.2088761031627655,0.9778921604156494,0,0.08578500151634216,0.5953440070152283,0,1,0.983668327331543,0.1793794333934784,0.014835436828434467,0,-0.1798817664384842,0.9826028347015381,0.04619050770998001,0,-0.00629171309992671,-0.048104748129844666,0.9988219738006592,0,-0.07912600040435791,0.5678529739379883,0,1,0.05041375011205673,0.029177343472838402,0.9983021020889282,0,-0.964031457901001,-0.2597610652446747,0.056275103241205215,0,0.26096200942993164,-0.9652315974235535,0.015032372437417507,0,-0.6561779975891113,1.4430400133132935,-0.06160899996757507,1,0.9311594367027283,-0.013319192454218864,0.3643680512905121,0,-0.3159834146499634,0.4691382050514221,0.8246592283248901,0,-0.1819230169057846,-0.8830247521400452,0.4326344430446625,0,0,1.495182991027832,0,1,0.8309261798858643,-0.5560961961746216,0.01782716065645218,0,0.5563684701919556,0.8302555680274963,-0.033609118312597275,0,0.0038888021372258663,0.037845175713300705,0.9992756247520447,0,0,3.1834919452667236,0,1,0.2643585205078125,-0.09803794324398041,0.9594286680221558,0,0.06218211352825165,0.9944823980331421,0.08448635786771774,0,-0.9624175429344177,0.037324607372283936,0.26899605989456177,0,0,2.819844961166382,0,1,0.9358547925949097,-0.24293255805969238,0.25526154041290283,0,0.2737129032611847,0.9573644399642944,-0.09237796813249588,0,-0.2219368815422058,0.15632085502147675,0.9624485969543457,0,0.2759990096092224,0.4979900121688843,0,1,0.9848037362098694,0.11671506613492966,0.12860463559627533,0,-0.11687967926263809,0.9931257367134094,-0.006292007863521576,0,-0.12845492362976074,-0.008834876120090485,0.9916754364967346,0,0.054754000157117844,0.4521830081939697,0,1,0.9319212436676025,-0.34572330117225647,-0.10953578352928162,0,0.3189971446990967,0.9251173138618469,-0.20590908825397491,0,0.1725209653377533,0.15694941580295563,0.9724209308624268,0,0.002435999922454357,0.47156599164009094,0,1,0.9566901326179504,-0.29038482904434204,0.020533494651317596,0,0.2870282232761383,0.952696681022644,0.09991583973169327,0,-0.04857620969414711,-0.08969476073980331,0.9947836399078369,0,0,0.9721270203590393,0,1,0.9855286478996277,-0.16340073943138123,-0.045093078166246414,0,0.16934341192245483,0.9373470544815063,0.30447185039520264,0,-0.007483064662665129,-0.3077020049095154,0.951453447341919,0,-0.06733100116252899,0.5684720277786255,0,1,0.9728501439094543,-0.23110151290893555,-0.012466048821806908,0,0.22955118119716644,0.9566575884819031,0.17919740080833435,0,-0.029487060382962227,-0.17719388008117676,0.9837344884872437,0,0.03313799947500229,0.5351600050926208,0,1,-0.999544620513916,0.005766674410551786,-0.029612785205245018,0,-0.020713936537504196,-0.844813883304596,0.5346587896347046,0,-0.021934105083346367,0.5350290536880493,0.8445491194725037,0,1.0567330121994019,-0.6451150178909302,-0.23938700556755066,1,0.9919567704200745,0.1259012073278427,-0.013049270957708359,0,-0.08789753913879395,0.6109877824783325,-0.7867451310157776,0,-0.0910792350769043,0.7815641760826111,0.6171399354934692,0,0,5.242112159729004,0,1,0.9985591173171997,0.007071733474731445,0.05319295451045036,0,-0.04962750896811485,0.49875608086586,0.8653200268745422,0,-0.020411010831594467,-0.8667135834693909,0.49838873744010925,0,0,5.137761116027832,0,1,0.9749670028686523,-0.00045309975394047797,0.22234772145748138,0,-0.12768669426441193,0.8175274729728699,0.5615562200546265,0,-0.1820298284292221,-0.5758897066116333,0.7970046401023865,0,0,1.9926340579986572,0,1,-0.966031551361084,-0.1412932127714157,-0.2163766771554947,0,0.12341061234474182,-0.9878836274147034,0.09410764276981354,0,-0.2270517796278,0.0642077773809433,0.9717639088630676,0,-1.0567330121994019,-0.6451150178909302,-0.17966599762439728,1,0.99824458360672,-0.022358223795890808,0.05483970418572426,0,0.04168742895126343,0.9230046272277832,-0.3825240433216095,0,-0.04206477105617523,0.38413894176483154,0.9223170280456543,0,0,5.242802143096924,0,1,0.9890024662017822,-0.12498395889997482,-0.07907655835151672,0,0.11513444781303406,0.31501704454421997,0.942076563835144,0,-0.09283396601676941,-0.9408200979232788,0.3259424567222595,0,0,5.137811183929443,0,1,0.9746034741401672,0.007936661131680012,-0.22379638254642487,0,0.13141143321990967,0.7889370322227478,0.6002579927444458,0,0.1813252866268158,-0.6144228577613831,0.7678576707839966,0,0,1.9670729637145996,0,1
K0.104,0.9985197186470032,-0.015335853211581707,-0.052191123366355896,0,0.017294885590672493,0.9991551637649536,0.037293463945388794,0,0.05157506838440895,-0.03814087063074112,0.9979407787322998,0,0.16452839970588684,11.808479309082031,0.13380688428878784,1,0.9995065927505493,0.028624949976801872,-0.012940988875925541,0,-0.029996629804372787,0.992012619972229,-0.12251900881528854,0,0.009330525062978268,0.12284675240516663,0.9923819303512573,0,0,1.1614660024642944,-0.17178399860858917,1,0.9998288750648499,-0.007378429640084505,-0.016943540424108505,0,0.0077033923007547855,0.9997859597206116,0.01919453777372837,0,0.016798289492726326,-0.019321778789162636,0.9996718764305115,0,0,1.369784951210022,0,1,0.9996979236602783,-0.017087368294596672,-0.01764725148677826,0,0.016017958521842957,0.9981263279914856,-0.059059180319309235,0,0.01862335205078125,0.05875867232680321,0.998098611831665,0,0,1.5654679536819458,0,1,0.9994697570800781,-0.028853770345449448,0.01509588211774826,0,0.027471929788589478,0.9960119724273682,0.08488000184297562,0,-0.017484795302152634,-0.0844203308224678,0.9962770342826843,0,0,1.7611509561538696,0,1,0.9974326491355896,0.01286824606359005,0.07044003903865814,0,-0.013131880201399326,0.9999080300331116,0.003280854085460305,0,-0.07039140164852142,-0.0041974447667598724,0.9975107312202454,0,0,0.9798849821090698,0.3119800090789795,1,0.2673932611942291,0.10351214557886124,-0.9580116271972656,0,0.9276750683784485,-0.29655033349990845,0.22688396275043488,0,-0.26061347126960754,-0.9493908882141113,-0.17532119154930115,0,0.6561779975891113,1.4388259649276733,-0.03311299905180931,1,0.9161509871482849,-0.25114428997039795,-0.3124006986618042,0,0.3874480724334717,0.3551209568977356,0.8507482409477234,0,-0.10272052139043808,-0.9004530310630798,0.4226498603820801,0,0,1.495182991027832,0,1,0.8508116006851196,0.5251123309135437,-0.019419608637690544,0,-0.5253898501396179,0.8494487404823303,-0.0490092970430851,0,-0.009239420294761658,0.05190051719546318,0.9986091256141663,0,0,3.1777119636535645,0,1,0.016196083277463913,0.42698729038238525,-0.9041125774383545,0,0.1535276472568512,0.8924459218978882,0.4242277145385742,0,0.9880119562149048,-0.14567717909812927,-0.05110025778412819,0,0,2.8114230632781982,0,1,0.8468487858772278,0.029880816116929054,-0.5309928059577942,0,-0.14403921365737915,0.9739912152290344,-0.17490966618061066,0,0.511955976486206,0.22460587322711945,0.8291274309158325,0,-0.23947900533676147,0.4703890085220337,0,1,0.9810715913772583,-0.0028159047942608595,0.19362567365169525,0,-0.06050404533743858,0.945377767086029,0.32031339406967163,0,-0.1839512586593628,-0.3259652853012085,0.9273122549057007,0,-0.03739999979734421,0.42061299085617065,0,1,0.8477369546890259,0.41010838747024536,-0.33638179302215576,0,-0.4706553816795349,0.8740484118461609,-0.12051000446081161,0,0.24459198117256165,0.2604808509349823,0.9339835047721863,0,-0.019526999443769455,0.46268200874328613,0,1,0.9881245493888855,0.08682631701231003,-0.12677009403705597,0,-0.08163340389728546,0.9956181049346924,0.04560919851064682,0,0.1301746666431427,-0.034718893468379974,0.9908825159072876,0,0,0.8969519734382629,0,1,0.9982654452323914,-0.05878860130906105,-0.0030458082910627127,0,0.05808815732598305,0.9753397107124329,0.21292825043201447,0,-0.009547061286866665,-0.21273593604564667,0.9770633578300476,0,0.08578500151634216,0.5953440070152283,0,1,0.9828674793243408,0.18370401859283447,0.015010213479399681,0,-0.18423344194889069,0.9816028475761414,0.05014386400580406,0,-0.005522433202713728,-0.05205010995268822,0.9986290335655212,0,-0.07912600040435791,0.5678529739379883,0,1,0.08372765779495239,0.02897907793521881,0.9960677027702332,0,-0.9682286977767944,-0.2339974343776703,0.08819538354873657,0,0.23563310503959656,-0.9718057513237,0.008466300554573536,0,-0.6561779975891113,1.4430400133132935,-0.06160899996757507,1,0.9550728797912598,-0.06336546689271927,0.28951841592788696,0,-0.22853878140449524,0.4645020365715027,0.8555744886398315,0,-0.18869583308696747,-0.8833024501800537,0.4291519224643707,0,0,1.495182991027832,0,1,0.8295069336891174,-0.5582085251808167,0.017913227900862694,0,0.5584818720817566,0.8288305401802063,-0.03373701125383377,0,0.003985258284956217,0.0379892960190773,0.9992700219154358,0,0,3.1834919452667236,0,1,0.29622530937194824,-0.10012952238321304,0.9498551487922668,0,0.05776557698845863,0.9945468902587891,0.08682573586702347,0,-0.9533695578575134,0.02914895862340927,0.30039408802986145,0,0,2.819844961166382,0,1,0.9290385842323303,-0.2619127035140991,0.2613207697868347,0,0.2950320541858673,0.9506432414054871,-0.09609117358922958,0,-0.223255455493927,0.16637052595615387,0.9604575037956238,0,0.2759990096092224,0.4979900121688843,0,1,0.9853653907775879,0.12399504333734512,0.11696479469537735,0,-0.12393094599246979,0.9922600388526917,-0.007849043235182762,0,-0.11703263223171234,-0.006761376745998859,0.9931046962738037,0,0.054754000157117844,0.4521830081939697,0,1,0.9316182136535645,-0.34718745946884155,-0.10746437311172485,0,0.32033583521842957,0.9240860939025879,-0.20844493806362152,0,0.17167574167251587,0.15976636111736298,0.972111701965332,0,0.002435999922454357,0.47156599164009094,0,1,0.9534724950790405,-0.3009759485721588,0.017439451068639755,0,0.29764315485954285,0.948959469795227,0.10432789474725723,0,-0.04794951528310776,-0.09428302943706512,0.994390070438385,0,0,0.9721270203590393,0,1,0.9859759211540222,-0.16086651384830475,-0.04442044720053673,0,0.16674146056175232,0.9384751319885254,0.3024248480796814,0,-0.006962545681744814,-0.3055904805660248,0.9521374702453613,0,-0.06733100116252899,0.5684720277786255,0,1,0.9734587073326111,-0.22854465246200562,-0.012080492451786995,0,0.22703421115875244,0.9576700329780579,0.17698663473129272,0,-0.02888021431863308,-0.17503182590007782,0.9841395020484924,0,0.03313799947500229,0.5351600050926208,0,1,-0.9993662238121033,0.028794990852475166,-0.020935017615556717,0,-0.035587504506111145,-0.8241501450538635,0.5652516484260559,0,-0.0009771839249879122,0.5656384825706482,0.8246527314186096,0,1.0567330121994019,-0.6451150178909302,-0.23938700556755066,1,0.993274986743927,0.1130964607000351,0.02477993816137314,0,-0.071011483669281,0.7641370296478271,-0.6411339640617371,0,-0.09144523739814758,0.635062575340271,0.7670292258262634,0,0,5.242112159729004,0,1,0.9982908964157104,0.0270213782787323,0.05182269588112831,0,-0.05839334800839424,0.49819865822792053,0.8650945425033569,0,-0.002441949909552932,-0.8666415810585022,0.49892476201057434,0,0,5.137761116027832,0,1,0.9748923778533936,-0.001313826534897089,0.22267276048660278,0,-0.12800782918930054,0.8149309754371643,0.5652443766593933,0,-0.18220554292201996,-0.5795561671257019,0.7943016290664673,0,0,1.9926340579986572,0,1,-0.9677578210830688,-0.09765458852052689,-0.23218217492103577,0,0.09118852764368057,-0.9950913786888123,0.03844750300049782,0,-0.23479707539081573,0.016035521402955055,0.9719123840332031,0,-1.0567330121994019,-0.6451150178909302,-0.17966599762439728,1,0.9934651255607605,-0.006878282409161329,0.11392595618963242,0,0.049549467861652374,0.9252020120620728,-0.37622562050819397,0,-0.10281679034233093,0.37941214442253113,0.9194971323013306,0,0,5.242802143096924,0,1,0.9898194670677185,-0.11816617101430893,-0.07934077084064484,0,0.10817604511976242,0.2622959017753601,0.9589049220085144,0,-0.09249930083751678,-0.9577248096466064,0.2724081575870514,0,0,5.137811183929443,0,1,0.9745904207229614,0.008093025535345078,-0.22384971380233765,0,0.13147033751010895,0.7884411215782166,0.600896954536438,0,0.18135517835617065,-0.6150572299957275,0.7673422694206238,0,0,1.9670729637145996,0,1
