1.033,30,31,41
B0,mixamorig_Hips,-1,0.9994350075721741,0.0012860000133514404,-0.033583998680114746,0,-0.0001630000042496249,0.9994419813156128,0.033413998782634735,0,0.033608000725507736,-0.03339000046253204,0.9988769888877869,0,0.006972999777644873,11.715618133544922,0.14357399940490723,1
B1,mixamorig_Spine,0,0.9997450113296509,-0.004561999812722206,0.0220979992300272,0,0.005444999784231186,0.9991829991340637,-0.040056001394987106,0,-0.021896999329328537,0.04016600176692009,0.9989529848098755,0,0,1.2427419424057007,-0.1856590062379837,1
B2,mixamorig_Spine1,1,0.9988769888877869,0.013062999583780766,0.04553300142288208,0,-0.015014000236988068,0.9989709854125977,0.042791999876499176,0,-0.044927000999450684,-0.0434270016849041,0.9980459809303284,0,0,1.4659559726715088,0,1
B3,mixamorig_Spine2,2,0.9988669753074646,0.015110000036656857,0.045131999999284744,0,-0.017021000385284424,0.9989619851112366,0.04225299879908562,0,-0.044447001069784164,-0.042973000556230545,0.9980869889259338,0,0,1.6753770112991333,0,1
B4,mixamorig_Neck,3,0.999301016330719,0.0010789999505504966,-0.03736700117588043,0,0.004141999874264002,0.990231990814209,0.1393660008907318,0,0.037151999771595,-0.13942399621009827,0.9895359873771667,0,0,1.8847999572753906,0,1
B5,mixamorig_Head,4,0.9963399767875671,-0.03709600120782852,-0.07700999826192856,0,0.03264699876308441,0.997767984867096,-0.05825499817728996,0,0.07899899780750275,0.05552700161933899,0.9953269958496094,0,0,0.855912983417511,0.3470599949359894,1
B6,mixamorig_HeadTop_End,5,1,0,0,0,0,1,0,0,0,0,1,0,0,2.8392999172210693,1.1512919664382935,1
B7,mixamorig_LeftShoulder,3,0.10559699684381485,0.0050200000405311584,-0.9943959712982178,0,0.8928830027580261,-0.4406670033931732,0.09259200096130371,0,-0.437732994556427,-0.8976569771766663,-0.05101599916815758,0,0.652642011642456,1.576030969619751,-0.03514900058507919,1
B8,mixamorig_LeftArm,7,0.8177000284194946,0.4186230003833771,-0.3951230049133301,0,0.04295700043439865,0.6401110291481018,0.7670800089836121,0,0.5740399956703186,-0.6442149877548218,0.5054360032081604,0,0,1.451390027999878,0,1
B9,mixamorig_LeftForeArm,8,0.9815250039100647,0.19118399918079376,-0.007548000197857618,0,-0.19127899408340454,0.9814220070838928,-0.014921999536454678,0,0.004554999992251396,0.016090000048279762,0.9998599886894226,0,0,3.2703590393066406,0,1
B10,mixamorig_LeftHand,9,0.7078030109405518,0.09184599667787552,-0.7004140019416809,0,0.05619199946522713,0.9810490012168884,0.18543000519275665,0,0.7041710019111633,-0.17060600221157074,0.6892290115356445,0,0,2.8214590549468994,0,1
B11,mixamorig_LeftHandThumb1,10,0.9341509938240051,0.3347179889678955,-0.12379799783229828,0,-0.3441149890422821,0.93675297498703,-0.06387100368738174,0,0.094589002430439,0.10226599872112274,0.9902499914169312,0,-0.3050509989261627,0.43549299240112305,0,1
B12,mixamorig_LeftHandThumb2,11,0.9972530007362366,-0.02792700007557869,-0.06860700249671936,0,0.033647000789642334,0.9959229826927185,0.08369199931621552,0,0.06599000096321106,-0.08577100187540054,0.9941269755363464,0,-0.06800000369548798,0.4198940098285675,0,1
B13,mixamorig_LeftHandThumb3,12,0.9699329733848572,-0.026897000148892403,-0.24188299477100372,0,-0.03409599885344505,0.9690539836883545,-0.24448099732398987,0,0.24097399413585663,0.24537700414657593,0.9390000104904175,0,-0.004792999941855669,0.4857949912548065,0,1
B14,mixamorig_LeftHandThumb4,13,1,0,0,0,0,1,0,0,0,0,1,0,0.07279200106859207,0.44150298833847046,0,1
B15,mixamorig_LeftHandIndex1,10,0.9249759912490845,0.3795900046825409,0.01819700002670288,0,-0.37808001041412354,0.9143409729003906,0.1450359970331192,0,0.038415998220443726,-0.14103500545024872,0.9892590045928955,0,0,0.9967560172080994,0,1
B16,mixamorig_LeftHandIndex2,15,0.9997040033340454,0.020844999700784683,0.012571999803185463,0,-0.022853000089526176,0.9815580248832703,0.18979500234127045,0,-0.008383999578654766,-0.19002600014209747,0.9817429780960083,0,0.060189999639987946,0.5512700080871582,0,1
B17,mixamorig_LeftHandIndex3,16,0.9859380125999451,0.1670829951763153,0.0031399999279528856,0,-0.16461500525474548,0.9677950143814087,0.1904589980840683,0,0.028783999383449554,-0.18829800188541412,0.981689989566803,0,-0.026318000629544258,0.4993000030517578,0,1
B18,mixamorig_LeftHandIndex4,17,1,0,0,0,0,1,0,0,0,0,1,0,-0.033872999250888824,0.5011600255966187,0,1
B19,mixamorig_RightShoulder,3,-0.017160000279545784,-0.011377000249922276,0.9997879862785339,0,-0.8955360054969788,-0.4445199966430664,-0.020428000018000603,0,0.4446589946746826,-0.8956959843635559,-0.0025599999353289604,0,-0.652642011642456,1.5792399644851685,-0.05662799999117851,1
B20,mixamorig_RightArm,19,0.8047500252723694,-0.50519198179245,0.31170201301574707,0,0.16987499594688416,0.6991249918937683,0.6945260167121887,0,-0.5687869787216187,-0.5059700012207031,0.6484410166740417,0,0,1.451390027999878,0,1
B21,mixamorig_RightForeArm,20,0.9194409847259521,-0.3930169939994812,0.01284400001168251,0,0.393218994140625,0.9191439747810364,-0.02353299967944622,0,-0.0025569999124854803,0.026686999946832657,0.9996410012245178,0,0,3.2765069007873535,0,1
B22,mixamorig_RightHand,21,0.7061010003089905,-0.0894860029220581,0.7024340033531189,0,0.025627000257372856,0.9945619702339172,0.100941002368927,0,-0.707647979259491,-0.0532739982008934,0.70455402135849,0,0,2.8292040824890137,0,1
B23,mixamorig_RightHandThumb1,22,0.8908720016479492,-0.4104210138320923,0.19468599557876587,0,0.41214799880981445,0.910502016544342,0.03347700089216232,0,-0.19100099802017212,0.050416000187397,0.9802939891815186,0,0.32116401195526123,0.5079699754714966,0,1
B24,mixamorig_RightHandThumb2,23,0.9888010025024414,0.14847299456596375,0.015091000124812126,0,-0.14873099327087402,0.9720649719238281,0.1815750002861023,0,0.01228999998420477,-0.18178600072860718,0.983260989189148,0,0.08328499644994736,0.4735170006752014,0,1
B25,mixamorig_RightHandThumb3,24,0.9928609728813171,-0.012149999849498272,-0.1186550036072731,0,-0.01888599991798401,0.966234028339386,-0.256972998380661,0,0.11777099967002869,0.25738000869750977,0.959106981754303,0,-0.002070999937132001,0.4775800108909607,0,1
B26,mixamorig_RightHandThumb4,25,1,0,0,0,0,1,0,0,0,0,1,0,-0.08121500164270401,0.3971160054206848,0,1
B27,mixamorig_RightHandIndex1,22,0.8963170051574707,-0.4431709945201874,-0.014653000049293041,0,0.43948400020599365,0.883499026298523,0.1621219962835312,0,-0.05890199914574623,-0.15175199508666992,0.986661970615387,0,0,1.0201549530029297,0,1
B28,mixamorig_RightHandIndex2,27,0.996167004108429,-0.08519600331783295,-0.019828999415040016,0,0.08739600330591202,0.9598709940910339,0.26647400856018066,0,-0.0036689999978989363,-0.2671859860420227,0.9636380076408386,0,-0.07540299743413925,0.5894140005111694,0,1
B29,mixamorig_RightHandIndex3,28,0.9815919995307922,-0.1907469928264618,-0.009592000395059586,0,0.1905049979686737,0.9743049740791321,0.1201540008187294,0,-0.01357400044798851,-0.11976999789476395,0.9927089810371399,0,0.0557279996573925,0.5480239987373352,0,1
B30,mixamorig_RightHandIndex4,29,1,0,0,0,0,1,0,0,0,0,1,0,0.019675999879837036,0.41751301288604736,0,1
B31,mixamorig_LeftUpLeg,0,-0.9835339784622192,-0.0038419999182224274,0.18068499863147736,0,0.0857589989900589,-0.8899639844894409,0.44789400696754456,0,0.15908199548721313,0.4560140073299408,0.875639021396637,0,1.022987961769104,-0.6898429989814758,-0.1812169998884201,1
B32,mixamorig_LeftLeg,31,0.9957000017166138,-0.08833300322294235,-0.027915000915527344,0,0.019946999847888947,0.49869298934936523,-0.866549015045166,0,0.09046600013971329,0.8622660040855408,0.49831101298332214,0,0,5.231299877166748,0,1
B33,mixamorig_LeftFoot,32,0.9972530007362366,0.050106000155210495,0.05455400049686432,0,-0.07305800169706345,0.5438010096549988,0.836027979850769,0,0.012223999947309494,-0.8377169966697693,0.5459679961204529,0,0,4.76700496673584,0,1
B34,mixamorig_LeftToeBase,33,0.9806349873542786,-0.02318600006401539,0.19446900486946106,0,-0.11671999841928482,0.72816401720047,0.6753910183906555,0,-0.15726499259471893,-0.6850110292434692,0.7113569974899292,0,0,1.9788390398025513,0,1
B35,mixamorig_LeftToe_End,34,1,0,0,0,0,1,0,0,0,0,1,0,0,0.7514830231666565,0,1
B36,mixamorig_RightUpLeg,0,-0.9923589825630188,-0.042142000049352646,-0.11596299707889557,0,0.017671000212430954,-0.9787160158157349,0.20445600152015686,0,-0.1221110001206398,0.20084400475025177,0.971983015537262,0,-1.022987961769104,-0.6898429989814758,-0.09872400015592575,1
B37,mixamorig_RightLeg,36,0.9977499842643738,-0.025263000279664993,0.06210000067949295,0,0.04672899842262268,0.9262639880180359,-0.3739669919013977,0,-0.04807300120592117,0.37602800130844116,0.9253609776496887,0,0,5.234388828277588,0,1
B38,mixamorig_RightFoot,37,0.9959750175476074,-0.06143699958920479,-0.06526300311088562,0,0.08437900245189667,0.3970789909362793,0.9138969779014587,0,-0.03023199923336506,-0.9157260060310364,0.4006649851799011,0,0,4.769873142242432,0,1
B39,mixamorig_RightToeBase,38,0.9811300039291382,0.013996000401675701,-0.19284400343894958,0,0.11341200023889542,0.7661250233650208,0.632606029510498,0,0.15659600496292114,-0.6425390243530273,0.7500810027122498,0,0,1.9828089475631714,0,1
B40,mixamorig_RightToe_End,39,1,0,0,0,0,1,0,0,0,0,1,0,0,0.7492420077323914,0,1
@34,0,1,2,3,4,5,7,8,9,10,11,12,13,15,16,17,19,20,21,22,23,24,25,27,28,29,31,32,33,34,36,37,38,39
K0.000,0.9994350075721741,0.0012859019916504622,-0.03358389437198639,0,-0.00016309801139868796,0.999441921710968,0.03341418504714966,0,0.03360810503363609,-0.03338981419801712,0.9988769888877869,0,0.006972999777644873,11.715618133544922,0.14357399940490723,1,0.9997450113296509,-0.004562093410640955,0.02209789678454399,0,0.005444906651973724,0.999182939529419,-0.040055952966213226,0,-0.021897103637456894,0.04016605764627457,0.9989529848098755,0,0,1.2427419424057007,-0.1856590062379837,1,0.9988769888877869,0.013062575832009315,0.04553290084004402,0,-0.015014424920082092,0.9989709854125977,0.042791686952114105,0,-0.04492710530757904,-0.04342731088399887,0.9980460405349731,0,0,1.4659559726715088,0,1,0.9988669753074646,0.01511022076010704,0.04513216018676758,0,-0.017020782455801964,0.9989619851112366,0.04225285351276398,0,-0.04444684460759163,-0.042973149567842484,0.9980869889259338,0,0,1.6753770112991333,0,1,0.999301016330719,0.0010790531523525715,-0.037366800010204315,0,0.004142052959650755,0.9902319312095642,0.1393662691116333,0,0.037152208387851715,-0.13942371308803558,0.9895359873771667,0,0,1.8847999572753906,0,1,0.9963399767875671,-0.03709625080227852,-0.07700993120670319,0,0.032646749168634415,0.9977680444717407,-0.058254677802324295,0,0.07899905741214752,0.05552732199430466,0.9953269362449646,0,0,0.855912983417511,0.3470599949359894,1,0.10559695214033127,0.005020426120609045,-0.9943960309028625,0,0.892882764339447,-0.4406675696372986,0.09259229898452759,0,-0.43773335218429565,-0.8976569175720215,-0.051015909761190414,0,0.652642011642456,1.576030969619751,-0.03514900058507919,1,0.8177000880241394,0.4186229407787323,-0.3951229751110077,0,0.04295692592859268,0.6401109099388123,0.7670801281929016,0,0.5740399956703186,-0.644214928150177,0.50543612241745,0,0,1.451390027999878,0,1,0.9815250039100647,0.1911841481924057,-0.007548033259809017,0,-0.1912788450717926,0.9814220666885376,-0.014921951107680798,0,0.004554966930299997,0.01609005033969879,0.9998599886894226,0,0,3.2703590393066406,0,1,0.7078032493591309,0.09184578061103821,-0.700413703918457,0,0.05619177967309952,0.9810489416122437,0.18543028831481934,0,0.7041712403297424,-0.17060568928718567,0.6892287731170654,0,0,2.8214590549468994,0,1,0.9341510534286499,0.33471810817718506,-0.12379784882068634,0,-0.34411489963531494,0.93675297498703,-0.06387109309434891,0,0.09458916634321213,0.10226590931415558,0.9902499914169312,0,-0.3050509989261627,0.43549299240112305,0,1,0.9972530603408813,-0.02792678028345108,-0.06860698014497757,0,0.03364722058176994,0.9959229230880737,0.08369223028421402,0,0.06599002331495285,-0.08577077835798264,0.9941269755363464,0,-0.06800000369548798,0.4198940098285675,0,1,0.9699328541755676,-0.026897171512246132,-0.24188324809074402,0,-0.03409617394208908,0.9690540432929993,-0.24448080360889435,0,0.24097372591495514,0.24537719786167145,0.9390000104904175,0,-0.004792999941855669,0.4857949912548065,0,1,0.9249758124351501,0.3795904815196991,0.018197039142251015,0,-0.37807953357696533,0.914341151714325,0.14503613114356995,0,0.03841603547334671,-0.14103487133979797,0.9892590045928955,0,0,0.9967560172080994,0,1,0.9997040629386902,0.020844772458076477,0.012572047300636768,0,-0.022853227332234383,0.9815579652786255,0.18979501724243164,0,-0.00838395208120346,-0.19002598524093628,0.9817429780960083,0,0.060189999639987946,0.5512700080871582,0,1,0.9859379529953003,0.1670830249786377,0.003139808773994446,0,-0.1646149456501007,0.9677949547767639,0.190459206700325,0,0.028783809393644333,-0.1882977932691574,0.9816900491714478,0,-0.026318000629544258,0.4993000030517578,0,1,-0.017159340903162956,-0.011376394890248775,0.9997880458831787,0,-0.8955354690551758,-0.44452112913131714,-0.020428147166967392,0,0.44465917348861694,-0.8956959247589111,-0.0025603235699236393,0,-0.652642011642456,1.5792399644851685,-0.05662799999117851,1,0.804750382900238,-0.5051916837692261,0.31170162558555603,0,0.16987524926662445,0.6991248726844788,0.6945260763168335,0,-0.5687873363494873,-0.5059698820114136,0.6484407782554626,0,0,1.451390027999878,0,1,0.9194409847259521,-0.39301708340644836,0.012844118289649487,0,0.39321890473365784,0.9191440939903259,-0.023532601073384285,0,-0.0025568827986717224,0.02668740227818489,0.9996410608291626,0,0,3.2765069007873535,0,1,0.706100583076477,-0.08948630839586258,0.7024343609809875,0,0.02562669850885868,0.9945619106292725,0.10094131529331207,0,-0.7076476812362671,-0.05327368527650833,0.7045543789863586,0,0,2.8292040824890137,0,1,0.8908721804618835,-0.4104207456111908,0.19468581676483154,0,0.41214826703071594,0.9105019569396973,0.0334768109023571,0,-0.19100117683410645,0.05041581019759178,0.9802939295768738,0,0.32116401195526123,0.5079699754714966,0,1,0.9888010025024414,0.14847292006015778,0.015090766362845898,0,-0.14873106777668,0.9720649719238281,0.1815750151872635,0,0.012289765290915966,-0.1817859709262848,0.983260989189148,0,0.08328499644994736,0.4735170006752014,0,1,0.9928609728813171,-0.01215013675391674,-0.11865509301424026,0,-0.018886135891079903,0.9662339687347412,-0.2569732367992401,0,0.11777091771364212,0.25737977027893066,0.9591071009635925,0,-0.002070999937132001,0.4775800108909607,0,1,0.8963169455528259,-0.44317111372947693,-0.014652887359261513,0,0.4394838809967041,0.8834991455078125,0.16212177276611328,0,-0.05890188366174698,-0.15175223350524902,0.986661970615387,0,0,1.0201549530029297,0,1,0.996167004108429,-0.08519595116376877,-0.019829120486974716,0,0.0873960554599762,0.9598709344863892,0.2664741575717926,0,-0.0036691217683255672,-0.26718586683273315,0.9636380076408386,0,-0.07540299743413925,0.5894140005111694,0,1,0.9815919995307922,-0.1907469779253006,-0.009591761976480484,0,0.1905050277709961,0.9743049144744873,0.12015420943498611,0,-0.013573762029409409,-0.11976978927850723,0.9927090406417847,0,0.0557279996573925,0.5480239987373352,0,1,-0.983534038066864,-0.0038420006167143583,0.1806848645210266,0,0.0857589989900589,-0.8899639844894409,0.4478939175605774,0,0.15908212959766388,0.45601406693458557,0.8756389021873474,0,1.022987961769104,-0.6898429989814758,-0.1812169998884201,1,0.9957000017166138,-0.08833296597003937,-0.027915090322494507,0,0.019947031512856483,0.49869319796562195,-0.8665488958358765,0,0.09046591818332672,0.8622661232948303,0.498310923576355,0,0,5.231299877166748,0,1,0.9972529411315918,0.05010661110281944,0.05455400049686432,0,-0.0730573907494545,0.5438011288642883,0.8360279202461243,0,0.012223998084664345,-0.8377169966697693,0.5459679961204529,0,0,4.76700496673584,0,1,0.9806349873542786,-0.0231858529150486,0.19446904957294464,0,-0.11671984940767288,0.7281638979911804,0.6753911375999451,0,-0.15726493299007416,-0.6850109100341797,0.7113571166992188,0,0,1.9788390398025513,0,1,-0.992358922958374,-0.042142104357481,-0.11596294492483139,0,0.017670899629592896,-0.9787160158157349,0.2044556587934494,0,-0.12211105972528458,0.20084434747695923,0.9719829559326172,0,-1.022987961769104,-0.6898429989814758,-0.09872400015592575,1,0.9977499842643738,-0.025263193994760513,0.06209978088736534,0,0.04672880098223686,0.9262639284133911,-0.37396714091300964,0,-0.048073217272758484,0.3760278522968292,0.9253609776496887,0,0,5.234388828277588,0,1,0.9959750175476074,-0.061437007039785385,-0.06526339799165726,0,0.08437899500131607,0.3970789611339569,0.9138970375061035,0,-0.030232395976781845,-0.9157260060310364,0.40066495537757874,0,0,4.769873142242432,0,1,0.9811300039291382,0.01399572566151619,-0.19284380972385406,0,0.11341172456741333,0.7661252021789551,0.6326059103012085,0,0.15659621357917786,-0.6425391435623169,0.7500808835029602,0,0,1.9828089475631714,0,1
K0.034,0.9997164011001587,0.0038867283146828413,-0.02350606583058834,0,-0.0028426775243133307,0.9990147948265076,0.04428761824965477,0,0.023655032739043236,-0.04420822113752365,0.9987420439720154,0,0.02429185062646866,11.786499977111816,0.0893259271979332,1,0.9999702572822571,-0.006256519816815853,0.004590957425534725,0,0.006466584745794535,0.9988611936569214,-0.04726620391011238,0,-0.0042900084517896175,0.0472944974899292,0.9988722801208496,0,0,1.2427419424057007,-0.1856590062379837,1,0.9994298815727234,0.005282280966639519,0.03333926945924759,0,-0.006567665375769138,0.9992347955703735,0.038563597947359085,0,-0.03311004489660263,-0.03876056149601936,0.9986994862556458,0,0,1.4659559726715088,0,1,0.9994341731071472,0.007024852093309164,0.03290099650621414,0,-0.008281632326543331,0.9992353916168213,0.03821969032287598,0,-0.03260734677314758,-0.03847053274512291,0.9987280368804932,0,0,1.6753770112991333,0,1,0.9994447231292725,-0.0016501176869496703,-0.033278610557317734,0,0.006296932697296143,0.9901285171508789,0.14001810550689697,0,0.03271907567977905,-0.14014999568462372,0.9895897507667542,0,0,1.8847999572753906,0,1,0.9978241324424744,-0.03551841899752617,-0.05554934963583946,0,0.03267408907413483,0.9981490969657898,-0.051300033926963806,0,0.057268593460321426,0.04937335103750229,0.9971371293067932,0,0,0.855912983417511,0.3470599949359894,1,0.08884096145629883,0.005960084963589907,-0.9960282444953918,0,0.896952211856842,-0.4353007674217224,0.0773991048336029,0,-0.4331105351448059,-0.9002658724784851,-0.04401850700378418,0,0.652642011642456,1.576030969619751,-0.03514900058507919,1,0.8310129046440125,0.35519939661026,-0.42807736992836,0,0.12687647342681885,0.6282506585121155,0.7675954103469849,0,0.5415896773338318,-0.6921951770782471,0.4770182967185974,0,0,1.451390027999878,0,1,0.9816016554832458,0.1907900720834732,-0.0075418371707201,0,-0.19088467955589294,0.9814997315406799,-0.014891324564814568,0,0.004561196081340313,0.016056975349783897,0.9998610615730286,0,0,3.2703590393066406,0,1,0.7109814286231995,0.1466745287179947,-0.6877433657646179,0,0.03092755377292633,0.9705368280410767,0.2389582395553589,0,0.702530026435852,-0.19116529822349548,0.685498058795929,0,0,2.8214590549468994,0,1,0.9341509938240051,0.3347180485725403,-0.12379834055900574,0,-0.34411489963531494,0.93675297498703,-0.06387100368738174,0,0.09458967298269272,0.10226600617170334,0.9902500510215759,0,-0.3050509989261627,0.43549299240112305,0,1,0.9976140260696411,-0.02741754800081253,-0.06336425989866257,0,0.03180750831961632,0.997085690498352,0.06934467703104019,0,0.06127829849720001,-0.07119464129209518,0.9955781698226929,0,-0.06800000369548798,0.4198940098285675,0,1,0.9704655408859253,-0.029559973627328873,-0.23942337930202484,0,-0.029942376539111137,0.970030665397644,-0.24112986028194427,0,0.23937582969665527,0.24117714166641235,0.9404963254928589,0,-0.004792999941855669,0.4857949912548065,0,1,0.9267634749412537,0.3754403293132782,0.012423372827470303,0,-0.3739551603794098,0.9189537167549133,0.12522739171981812,0,0.035598911345005035,-0.12070198357105255,0.9920507669448853,0,0,0.9967560172080994,0,1,0.9996998906135559,0.021002374589443207,0.012592772953212261,0,-0.023013295605778694,0.9815227389335632,0.18995650112628937,0,-0.00837055966258049,-0.190189391374588,0.9817119836807251,0,0.060189999639987946,0.5512700080871582,0,1,0.9859111309051514,0.1672382652759552,0.003158750245347619,0,-0.16476616263389587,0.9677370190620422,0.19062143564224243,0,0.028822386637330055,-0.1884564459323883,0.9816588759422302,0,-0.026318000629544258,0.4993000030517578,0,1,-0.010823717340826988,-0.010697631165385246,0.9998842477798462,0,-0.8973777294158936,-0.4410276412963867,-0.014432637020945549,0,0.4411306083202362,-0.8974292278289795,-0.004826171789318323,0,-0.652642011642456,1.5792399644851685,-0.05662799999117851,1,0.7851219177246094,-0.5353071093559265,0.31149613857269287,0,0.21236321330070496,0.7051376104354858,0.6765225529670715,0,-0.5817952156066895,-0.46500256657600403,0.6672987937927246,0,0,1.451390027999878,0,1,0.8980836272239685,-0.4395989179611206,0.014122983440756798,0,0.4398241341114044,0.8976981043815613,-0.02632181905210018,0,-0.0011071311309933662,0.029850803315639496,0.9995535016059875,0,0,3.2765069007873535,0,1,0.7068312764167786,-0.08696997165679932,0.7020148038864136,0,-0.021554024890065193,0.9893047213554382,0.1442631483078003,0,-0.707053542137146,-0.1171010285615921,0.6973974108695984,0,0,2.8292040824890137,0,1,0.8908721208572388,-0.4104207754135132,0.19468583166599274,0,0.41214829683303833,0.9105018973350525,0.0334768146276474,0,-0.19100119173526764,0.05041581392288208,0.9802939295768738,0,0.32116401195526123,0.5079699754714966,0,1,0.9892370700836182,0.14558753371238708,0.014626949094235897,0,-0.14586277306079865,0.9733023047447205,0.17721852660179138,0,0.011564366519451141,-0.1774446666240692,0.984062671661377,0,0.08328499644994736,0.4735170006752014,0,1,0.9928678274154663,-0.01222420483827591,-0.11859216541051865,0,-0.018812425434589386,0.9662033319473267,-0.2570938467979431,0,0.1177268996834755,0.25749120116233826,0.9590820670127869,0,-0.002070999937132001,0.4775800108909607,0,1,0.8936676383018494,-0.44839853048324585,-0.017216326668858528,0,0.4448131322860718,0.880159318447113,0.1657128930091858,0,-0.05915229395031929,-0.15575027465820312,0.9860232472419739,0,0,1.0201549530029297,0,1,0.996164083480835,-0.08523156493902206,-0.019835514947772026,0,0.08743199706077576,0.9598601460456848,0.26650336384773254,0,-0.0036751797888427973,-0.2672153115272522,0.963629961013794,0,-0.07540299743413925,0.5894140005111694,0,1,0.9815856218338013,-0.19078105688095093,-0.009594585746526718,0,0.19053888320922852,0.9742953777313232,0.12018517404794693,0,-0.01358108501881361,-0.11980008333921432,0.9927046895027161,0,0.0557279996573925,0.5480239987373352,0,1,-0.9851097464561462,0.01661759614944458,0.1711200326681137,0,0.06927172839641571,-0.8725859522819519,0.4835233688354492,0,0.15735194087028503,0.4881773889064789,0.8584418892860413,0,1.022987961769104,-0.6898429989814758,-0.1812169998884201,1,0.9975113868713379,-0.07044412195682526,0.0028232375625520945,0,0.051514264196157455,0.7009493708610535,-0.7113474607467651,0,0.04813133552670479,0.7097230553627014,0.7028342485427856,0,0,5.231299877166748,0,1,0.9983371496200562,0.02057218924164772,0.05385540798306465,0,-0.05631795898079872,0.5477246046066284,0.8347615003585815,0,-0.012325056828558445,-0.8364059329032898,0.5479721426963806,0,0,4.76700496673584,0,1,0.9811148047447205,-0.01785939559340477,0.1925981044769287,0,-0.11434661597013474,0.7495486736297607,0.6519983410835266,0,-0.15600600838661194,-0.661708414554596,0.7333514094352722,0,0,1.9788390398025513,0,1,-0.9904601573944092,-0.040180522948503494,-0.1318109929561615,0,0.02619663067162037,-0.9940037727355957,0.10615862160921097,0,-0.13528616726398468,0.10169290751218796,0.985573947429657,0,-1.022987961769104,-0.6898429989814758,-0.09872400015592575,1,0.9953946471214294,-0.03965027257800102,0.08727464824914932,0,0.062106892466545105,0.9602668285369873,-0.27208390831947327,0,-0.07301881164312363,0.2762514352798462,0.9583078026771545,0,0,5.234388828277588,0,1,0.9966195821762085,-0.05021513253450394,-0.06502091139554977,0,0.07933797687292099,0.3828439712524414,0.92039954662323,0,-0.021325135603547096,-0.9224475622177124,0.3855340778827667,0,0,4.769873142242432,0,1,0.9812096357345581,0.013118243776261806,-0.19249702990055084,0,0.11302607506513596,0.7695009112358093,0.6285643577575684,0,0.15637241303920746,-0.6385111212730408,0.7535595893859863,0,0,1.9828089475631714,0,1
K0.069,0.9999312162399292,-0.0023160274140536785,-0.01153030339628458,0,0.002955741249024868,0.9984392523765564,0.05577695369720459,0,0.01138311717659235,-0.05580715462565422,0.9983766078948975,0,0.05004160478711128,11.76213550567627,0.035914551466703415,1,0.9998825788497925,0.007463411428034306,-0.013378748670220375,0,-0.00819417368620634,0.9984291195869446,-0.055425576865673065,0,0.012944071553647518,0.05552871152758598,0.9983733296394348,0,0,1.2427419424057007,-0.1856590062379837,1,0.9997773766517639,-0.005562295205891132,0.020348036661744118,0,0.004845134448260069,0.9993714094161987,0.03512587770819664,0,-0.020530616864562035,-0.03501945734024048,0.999175488948822,0,0,1.4659559726715088,0,1,0.9997899532318115,-0.004130676854401827,0.02007451094686985,0,0.003430583979934454,0.9993886947631836,0.034784816205501556,0,-0.020205937325954437,-0.0347086638212204,0.999193549156189,0,0,1.6753770112991333,0,1,0.9996395111083984,0.0000636973200016655,-0.02683202363550663,0,0.0036536825355142355,0.990359902381897,0.13847067952156067,0,0.026582183316349983,-0.138518825173378,0.9900028109550476,0,0,1.8847999572753906,0,1,0.998685359954834,-0.034976206719875336,-0.03748319298028946,0,0.03304004669189453,0.9981474876403809,-0.05108428746461868,0,0.039200495928525925,0.04977869242429733,0.9979910254478455,0,0,0.855912983417511,0.3470599949359894,1,0.0735992044210434,0.006737863644957542,-0.9972653388977051,0,0.8999818563461304,-0.43127578496932983,0.06350570172071457,0,-0.42966869473457336,-0.9021949768066406,-0.037805475294589996,0,0.652642011642456,1.576030969619751,-0.03514900058507919,1,0.8402822017669678,0.29133081436157227,-0.45722222328186035,0,0.20463120937347412,0.610540509223938,0.7650923132896423,0,0.5020476579666138,-0.7364554405212402,0.4534109830856323,0,0,1.451390027999878,0,1,0.9820454120635986,0.18849439918994904,-0.007506750524044037,0,-0.18858778476715088,0.9819460511207581,-0.014712878502905369,0,0.004597930237650871,0.015864402055740356,0.9998636841773987,0,0,3.2703590393066406,0,1,0.7095642685890198,0.18608728051185608,-0.6796254515647888,0,-0.0006822662544436753,0.9646793007850647,0.26342514157295227,0,0.7046406269073486,-0.18645337224006653,0.6846288442611694,0,0,2.8214590549468994,0,1,0.9341509938240051,0.3347180485725403,-0.12379830330610275,0,-0.34411489963531494,0.93675297498703,-0.06387101113796234,0,0.09458963572978973,0.10226599872112274,0.9902500510215759,0,-0.3050509989261627,0.43549299240112305,0,1,0.9975981712341309,-0.02427043952047825,-0.06488309055566788,0,0.02872193604707718,0.9972320795059204,0.06858008354902267,0,0.06303900480270386,-0.07027890533208847,0.9955336451530457,0,-0.06800000369548798,0.4198940098285675,0,1,0.9704806804656982,-0.02932434156537056,-0.23938946425914764,0,-0.03015085868537426,0.9700419902801514,-0.24105767905712128,0,0.23928672075271606,0.24115963280200958,0.9405229091644287,0,-0.004792999941855669,0.4857949912548065,0,1,0.9278704524040222,0.3727237582206726,0.011563514359295368,0,-0.3711788058280945,0.9201573133468628,0.12464673072099686,0,0.03581854701042175,-0.11994816362857819,0.9921340346336365,0,0,0.9967560172080994,0,1,0.9996970891952515,0.021155523136258125,0.012614235281944275,0,-0.023169074207544327,0.9814889430999756,0.19011405110359192,0,-0.008358764462172985,-0.1903485804796219,0.9816811084747314,0,0.060189999639987946,0.5512700080871582,0,1,0.9858859777450562,0.16739079356193542,0.0031778085976839066,0,-0.1649147868156433,0.9676811695098877,0.1907806694507599,0,0.028859809041023254,-0.1886119544506073,0.9816280603408813,0,-0.026318000629544258,0.4993000030517578,0,1,-0.0026714650448411703,-0.0093593280762434,0.9999528527259827,0,-0.9028822779655457,-0.4298389256000519,-0.00643533980473876,0,0.4298790395259857,-0.90285724401474,-0.007302052341401577,0,-0.652642011642456,1.5792399644851685,-0.05662799999117851,1,0.7688074707984924,-0.5579148530960083,0.3125147819519043,0,0.25368213653564453,0.7146886587142944,0.6518177390098572,0,-0.5870094895362854,-0.42184287309646606,0.6909909248352051,0,0,1.451390027999878,0,1,0.8620907664299011,-0.5064927339553833,0.01627660170197487,0,0.5067522525787354,0.8615579009056091,-0.030327169224619865,0,0.0013372563989832997,0.03439296782016754,0.999407172203064,0,0,3.2765069007873535,0,1,0.6993599534034729,-0.08632230013608932,0.7095375061035156,0,-0.06868194788694382,0.9799708724021912,0.18692000210285187,0,-0.7114618420600891,-0.179456889629364,0.679423987865448,0,0,2.8292040824890137,0,1,0.8908709287643433,-0.4104211926460266,0.19468621909618378,0,0.4121488630771637,0.9105010628700256,0.033477019518613815,0,-0.1910017877817154,0.050416018813848495,0.9802940487861633,0,0.32116401195526123,0.5079699754714966,0,1,0.9914755821228027,0.12827618420124054,0.022834856063127518,0,-0.13029161095619202,0.9768601059913635,0.1696118712425232,0,-0.0005492986529134214,-0.17114120721817017,0.9852463006973267,0,0.08328499644994736,0.4735170006752014,0,1,0.9929257035255432,-0.012884668074548244,-0.11803461611270905,0,-0.018154609948396683,0.9659308791160583,-0.2581605017185211,0,0.11733965575695038,0.25847721099853516,0.9588642120361328,0,-0.002070999937132001,0.4775800108909607,0,1,0.8847596645355225,-0.46532773971557617,-0.025906890630722046,0,0.4621458649635315,0.868816077709198,0.1777060627937317,0,-0.06018320098519325,-0.16919980943202972,0.9837421178817749,0,0,1.0201549530029297,0,1,0.9962515830993652,-0.08424672484397888,-0.01965378411114216,0,0.08643746376037598,0.9601754546165466,0.26569023728370667,0,-0.0035124511923640966,-0.2663930654525757,0.9638580679893494,0,-0.07540299743413925,0.5894140005111694,0,1,0.9817757606506348,-0.18980669975280762,-0.009516262449324131,0,0.18957389891147614,0.974588930606842,0.11932659149169922,0,-0.013374529778957367,-0.11895586550235748,0.9928092360496521,0,0.0557279996573925,0.5480239987373352,0,1,-0.9879863262176514,0.02360675111413002,0.15272969007492065,0,0.05294739082455635,-0.8767493367195129,0.4780242443084717,0,0.1451903134584427,0.4803682267665863,0.8649666905403137,0,1.022987961769104,-0.6898429989814758,-0.1812169998884201,1,0.9979180097579956,-0.05238356068730354,0.037614937871694565,0,0.06342111527919769,0.9028976559638977,-0.42515239119529724,0,-0.011691448278725147,0.42665281891822815,0.9043400883674622,0,0,5.231299877166748,0,1,0.9986535310745239,0.003999261651188135,0.05172865092754364,0,-0.044003989547491074,0.5934863686561584,0.8036403656005859,0,-0.02748626470565796,-0.8048340082168579,0.5928629040718079,0,0,4.76700496673584,0,1,0.9813634753227234,-0.015133349224925041,0.19156497716903687,0,-0.11313793808221817,0.7602917551994324,0.6396533846855164,0,-0.15532535314559937,-0.6494057178497314,0.7444103360176086,0,0,1.9788390398025513,0,1,-0.9860450625419617,-0.03584441542625427,-0.16257664561271667,0,0.030332816764712334,-0.9988818764686584,0.03625867888331413,0,-0.16369447112083435,0.03082127682864666,0.9860294461250305,0,-1.022987961769104,-0.6898429989814758,-0.09872400015592575,1,0.9923339486122131,-0.03374524042010307,0.11888845264911652,0,0.06000490486621857,0.9725562930107117,-0.22479690611362457,0,-0.10803994536399841,0.23020760715007782,0.9671260714530945,0,0,5.234388828277588,0,1,0.9959673285484314,-0.061939094215631485,-0.06490138173103333,0,0.08260078728199005,0.3507849872112274,0.9328057169914246,0,-0.03501073271036148,-0.9344056248664856,0.3544868528842926,0,0,4.769873142242432,0,1,0.9812559485435486,0.012619031593203545,-0.19229668378829956,0,0.11280590295791626,0.7714168429374695,0.6262510418891907,0,0.15624357759952545,-0.636204719543457,0.755533754825592,0,0,1.9828089475631714,0,1
K0.103,0.9995406866073608,-0.02893613651394844,0.009043825790286064,0,0.028302215039730072,0.9975651502609253,0.06374135613441467,0,-0.010866229422390461,-0.06345610320568085,0.9979255795478821,0,0.08351229876279831,11.63465404510498,0.0032663000747561455,1,0.9980485439300537,0.04875465855002403,-0.039022382348775864,0,-0.05118515342473984,0.9966416954994202,-0.06392095983028412,0,0.03577485308051109,0.06579352170228958,0.997191309928894,0,0,1.2427419424057007,-0.1856590062379837,1,0.9997599124908447,-0.02090911939740181,0.006504762452095747,0,0.020674217492341995,0.9991974830627441,0.034295737743377686,0,-0.0072166407480835915,-0.0341530442237854,0.9993905425071716,0,0,1.4659559726715088,0,1,0.9997809529304504,-0.019852016121149063,0.006626359652727842,0,0.019618898630142212,0.9992439150810242,0.03356380760669708,0,-0.007287658751010895,-0.03342645242810249,0.9994145631790161,0,0,1.6753770112991333,0,1,0.9998034834861755,0.009465196169912815,-0.017407730221748352,0,-0.006990721914917231,0.9905357956886292,0.13708090782165527,0,0.01854047179222107,-0.13693225383758545,0.9904069900512695,0,0,1.8847999572753906,0,1,0.9989213347434998,-0.04007112607359886,-0.02347811684012413,0,0.0386502705514431,0.9975606203079224,-0.05813051760196686,0,0.02575019933283329,0.057160377502441406,0.998033344745636,0,0,0.855912983417511,0.3470599949359894,1,0.06519531458616257,0.0070997579023242,-0.9978474378585815,0,0.9024879932403564,-0.42706823348999023,0.05592624470591545,0,-0.42575183510780334,-0.904191255569458,-0.03425021097064018,0,0.652642011642456,1.576030969619751,-0.03514900058507919,1,0.8462119102478027,0.22995030879974365,-0.48067477345466614,0,0.27389541268348694,0.5860781073570251,0.7625580430030823,0,0.4570630192756653,-0.7769396305084229,0.4329635500907898,0,0,1.451390027999878,0,1,0.9837551116943359,0.1793656349182129,-0.007373598869889975,0,-0.179454505443573,0.9836670160293579,-0.013999935239553452,0,0.00474205520004034,0.015095720998942852,0.9998746514320374,0,0,3.2703590393066406,0,1,0.7148184776306152,0.20851066708564758,-0.6675016283988953,0,-0.030736200511455536,0.9629594087600708,0.2678892910480499,0,0.6986343860626221,-0.17097565531730652,0.694749653339386,0,0,2.8214590549468994,0,1,0.9341509938240051,0.33471810817718506,-0.1237979456782341,0,-0.34411489963531494,0.93675297498703,-0.06387107819318771,0,0.09458927065134048,0.10226592421531677,0.9902499914169312,0,-0.3050509989261627,0.43549299240112305,0,1,0.9972358345985413,-0.016028355807065964,-0.07255229353904724,0,0.021099185571074486,0.9973469972610474,0.0696743056178093,0,0.07124300301074982,-0.0710124671459198,0.994927704334259,0,-0.06800000369548798,0.4198940098285675,0,1,0.970340371131897,-0.027700908482074738,-0.2401508092880249,0,-0.03221489489078522,0.9697355628013611,-0.2420227974653244,0,0.23958705365657806,0.24258095026016235,0.9400812387466431,0,-0.004792999941855669,0.4857949912548065,0,1,0.9286543130874634,0.3707738220691681,0.01132389809936285,0,-0.36917275190353394,0.9208005666732788,0.12584732472896576,0,0.03623384237289429,-0.12104913592338562,0.9919849634170532,0,0,0.9967560172080994,0,1,0.9996962547302246,0.021187160164117813,0.012618625536561012,0,-0.023201236501336098,0.9814812541007996,0.1901465803384781,0,-0.008356274105608463,-0.1903814822435379,0.9816741347312927,0,0.060189999639987946,0.5512700080871582,0,1,0.9858801960945129,0.16742204129695892,0.0031814652029424906,0,-0.16494524478912354,0.9676693677902222,0.19081349670886993,0,0.02886776626110077,-0.1886439323425293,0.9816210865974426,0,-0.026318000629544258,0.4993000030517578,0,1,0.008270359598100185,-0.00799585971981287,0.9999339580535889,0,-0.9081365466117859,-0.4186527132987976,0.004163434263318777,0,0.41859185695648193,-0.9081112146377563,-0.010723792016506195,0,-0.652642011642456,1.5792399644851685,-0.05662799999117851,1,0.7559334635734558,-0.5762413740158081,0.3106610178947449,0,0.3000273108482361,0.7267277240753174,0.6179401278495789,0,-0.5818490386009216,-0.37391504645347595,0.7222464084625244,0,0,1.451390027999878,0,1,0.8361273407936096,-0.548245906829834,0.017830485478043556,0,0.5485270619392395,0.8354885578155518,-0.03282708674669266,0,0.0031001465395092964,0.03722811117768288,0.999302089214325,0,0,3.2765069007873535,0,1,0.6915209293365479,-0.10774131119251251,0.7142758369445801,0,-0.06560405343770981,0.9753605723381042,0.2106374204158783,0,-0.7193709015846252,-0.19251959025859833,0.6674140691757202,0,0,2.8292040824890137,0,1,0.8908719420433044,-0.4104209244251251,0.19468624889850616,0,0.4121480882167816,0.9105011224746704,0.033476922661066055,0,-0.19100165367126465,0.05041591823101044,0.9802940487861633,0,0.32116401195526123,0.5079699754714966,0,1,0.9940268993377686,0.10428028553724289,0.03218795731663704,0,-0.10803575813770294,0.9819965362548828,0.15495145320892334,0,-0.015450084581971169,-0.1575033962726593,0.9873971343040466,0,0.08328499644994736,0.4735170006752014,0,1,0.9929952025413513,-0.013683872297406197,-0.11735846847295761,0,-0.017357267439365387,0.965599775314331,-0.2594514787197113,0,0.11687163263559341,0.2596711218357086,0.9585986137390137,0,-0.002070999937132001,0.4775800108909607,0,1,0.8763332366943359,-0.48050639033317566,-0.03395262733101845,0,0.4778110086917877,0.8581445217132568,0.1878426969051361,0,-0.061123352497816086,-0.18083572387695312,0.9816117882728577,0,0,1.0201549530029297,0,1,0.9962347745895386,-0.0844314768910408,-0.01968781091272831,0,0.08662404119968414,0.9601160883903503,0.2658427357673645,0,-0.003542909864336252,-0.2665473222732544,0.9638153314590454,0,-0.07540299743413925,0.5894140005111694,0,1,0.9817392826080322,-0.18999004364013672,-0.009530661627650261,0,0.18975545465946198,0.9745330810546875,0.11948782950639725,0,-0.013413562439382076,-0.1191144660115242,0.9927896857261658,0,0.0557279996573925,0.5480239987373352,0,1,-0.9912587404251099,0.002880306215956807,0.131898432970047,0,0.06615715473890305,-0.8541239500045776,0.5158438682556152,0,0.11414345353841782,0.5200610160827637,0.8464676737785339,0,1.022987961769104,-0.6898429989814758,-0.1812169998884201,1,0.9977366328239441,-0.02587997354567051,0.06205622851848602,0,0.038912583142519,0.9749382138252258,-0.21904544532299042,0,-0.05483212321996689,0.22096455097198486,0.9737390875816345,0,0,5.231299877166748,0,1,0.9983973503112793,-0.02391543611884117,0.051287971436977386,0,-0.02687600627541542,0.5971897840499878,0.8016497492790222,0,-0.04980044811964035,-0.8017432689666748,0.5955899357795715,0,0,4.76700496673584,0,1,0.9811976552009583,-0.016948770731687546,0.19225868582725525,0,-0.1139424741268158,0.7531526684761047,0.6479036211967468,0,-0.15578125417232513,-0.6576277017593384,0.7370601296424866,0,0,1.9788390398025513,0,1,-0.9801583290100098,-0.03728114441037178,-0.1946791261434555,0,0.03726593405008316,-0.9992982149124146,0.003741896478459239,0,-0.1946820467710495,-0.0035872487351298332,0.9808601140975952,0,-1.022987961769104,-0.6898429989814758,-0.09872400015592575,1,0.9939780235290527,-0.01578134298324585,0.10843370854854584,0,0.044550467282533646,0.962296724319458,-0.2683284878730774,0,-0.10011082887649536,0.2715434432029724,0.957205057144165,0,0,5.234388828277588,0,1,0.9971137046813965,-0.07471901923418045,-0.013445604592561722,0,0.03467774763703346,0.2907048165798187,0.9561843872070312,0,-0.06753649562597275,-0.9538913369178772,0.2924570143222809,0,0,4.769873142242432,0,1,0.9812291860580444,0.012911690399050713,-0.1924142986536026,0,0.11293476819992065,0.7702950835227966,0.6276077032089233,0,0.15631917119026184,-0.6375569105148315,0.7543774247169495,0,0,1.9828089475631714,0,1
