4.733,30,142,41
B0,mixamorig_Hips,-1,0.9969779253005981,-0.017257047817111015,0.07574614882469177,0,0.01999829150736332,0.9991666674613953,-0.03558184579014778,0,-0.07506895810365677,0.03698908910155296,0.9964917898178101,0,0.07636216282844543,12.179594039916992,0.5445355772972107,1
B1,mixamorig_Spine,0,0.9998922944068909,-0.014552942477166653,0.0018991957185789943,0,0.014674524776637554,0.9893246293067932,-0.14498713612556458,0,0.000231068508583121,0.1449994146823883,0.9894318580627441,0,0,1.1614660024642944,-0.17178399860858917,1
B2,mixamorig_Spine1,1,0.9998273849487305,-0.018517902120947838,0.0015718152280896902,0,0.0185137540102005,0.999825119972229,0.002611264120787382,0,-0.0016198953380808234,-0.002581713255494833,0.9999953508377075,0,0,1.369784951210022,0,1
B3,mixamorig_Spine2,2,0.9998269081115723,-0.01851865090429783,0.0015806335723027587,0,0.01851450279355049,0.999825119972229,0.0026038524229079485,0,-0.001628577709197998,-0.002574138343334198,0.9999953508377075,0,0,1.5654679536819458,0,1
B4,mixamorig_Neck,3,0.9964520335197449,0.0773978903889656,0.03306733816862106,0,-0.08253516256809235,0.9755347967147827,0.20376580953598022,0,-0.01648729294538498,-0.2057720124721527,0.9784614443778992,0,0,1.7611509561538696,0,1
B5,mixamorig_Head,4,0.9963595271110535,0.08512823283672333,-0.004571300931274891,0,-0.08475381135940552,0.994907021522522,0.05455994978547096,0,0.009192612022161484,-0.053973887115716934,0.9985000491142273,0,0,0.9798849821090698,0.3119800090789795,1
B6,mixamorig_HeadTop_End,5,1,0,0,0,0,1,0,0,0,0,1,0,0,2.8381810188293457,1.1283719539642334,1
B7,mixamorig_LeftShoulder,3,0.028338123112916946,0.017114507034420967,-0.9994515180587769,0,0.9183511734008789,-0.39529702067375183,0.019269589334726334,0,-0.39475053548812866,-0.9183937907218933,-0.026919089257717133,0,0.6561779975891113,1.4388259649276733,-0.03311299905180931,1
B8,mixamorig_LeftArm,7,0.634691059589386,0.589654266834259,-0.4994750916957855,0,0.09735888242721558,0.5801816582679749,0.8086477518081665,0,0.7666086554527283,-0.5618696212768555,0.31082791090011597,0,0,1.495182991027832,0,1
B9,mixamorig_LeftForeArm,8,0.9287288188934326,0.37055984139442444,-0.012151593342423439,0,-0.3707558810710907,0.92808598279953,-0.034584853798151016,0,-0.0015380359254777431,0.036625247448682785,0.9993281364440918,0,0,3.1777119636535645,0,1
B10,mixamorig_LeftHand,9,0.8902001976966858,-0.1922718584537506,-0.41300803422927856,0,0.14085662364959717,0.9783166646957397,-0.15184250473976135,0,0.43324750661849976,0.07699527591466904,0.8979800343513489,0,0,2.8114230632781982,0,1
B11,mixamorig_LeftHandThumb1,10,0.9451079368591309,0.325900137424469,0.023646127432584763,0,-0.32345086336135864,0.9433610439300537,-0.07381870597600937,0,-0.046364374458789825,0.062118299305438995,0.996990978717804,0,-0.23947900533676147,0.4703890085220337,0,1
B12,mixamorig_LeftHandThumb2,11,0.9574829936027527,-0.25414296984672546,0.13651897013187408,0,0.19939301908016205,0.9249839782714844,0.323491632938385,0,-0.2084910273551941,-0.28251686692237854,0.9363309741020203,0,-0.03739999979734421,0.42061299085617065,0,1
B13,mixamorig_LeftHandThumb3,12,0.9979560375213623,0.063900887966156,-0.0011803084053099155,0,-0.06390711665153503,0.9979355335235596,-0.006372049450874329,0,0.0007706917240284383,0.006434451788663864,0.9999790191650391,0,-0.019526999443769455,0.46268200874328613,0,1
B14,mixamorig_LeftHandThumb4,13,1,0,0,0,0,1,0,0,0,0,1,0,0.062460001558065414,0.4080809950828552,0,1
B15,mixamorig_LeftHandIndex1,10,0.92603999376297,0.3773139417171478,0.009151442907750607,0,-0.3682710826396942,0.8980070352554321,0.24074766039848328,0,0.08261944353580475,-0.22631233930587769,0.9705449342727661,0,0,0.8969519734382629,0,1
B16,mixamorig_LeftHandIndex2,15,0.9995430111885071,-0.03015609085559845,-0.0019599657971411943,0,0.029807407408952713,0.9731525182723999,0.22822289168834686,0,-0.004974965937435627,-0.22817707061767578,0.9736069440841675,0,0.08578500151634216,0.5953440070152283,0,1
B17,mixamorig_LeftHandIndex3,16,0.9437010288238525,0.32925283908843994,0.031942062079906464,0,-0.3289007246494293,0.9235729575157166,0.19707316160202026,0,0.035386066883802414,-0.19648388028144836,0.9798679947853088,0,-0.07912600040435791,0.5678529739379883,0,1
B18,mixamorig_LeftHandIndex4,17,1,0,0,0,0,1,0,0,0,0,1,0,-0.02212500013411045,0.491921991109848,0,1
B19,mixamorig_RightShoulder,3,-0.16789253056049347,-0.0017236341955140233,0.9858035445213318,0,-0.916876494884491,-0.36708807945251465,-0.15679532289505005,0,0.36214688420295715,-0.9301846027374268,0.06005089357495308,0,-0.6561779975891113,1.4430400133132935,-0.06160899996757507,1
B20,mixamorig_RightArm,19,0.4647168517112732,-0.8311771750450134,-0.30525854229927063,0,0.8850253224372864,0.44680556654930115,0.13074681162834167,0,0.027717456221580505,-0.3309217393398285,0.9432507753372192,0,0,1.495182991027832,0,1
B21,mixamorig_RightForeArm,20,-0.3318387567996979,-0.9392164945602417,0.08806741237640381,0,0.9396757483482361,-0.3373236358165741,-0.05676418915390968,0,0.08302108943462372,0.06391825526952744,0.9944960474967957,0,0,3.1834919452667236,0,1
B22,mixamorig_RightHand,21,0.23649552464485168,-0.10174751281738281,0.9662904739379883,0,0.37678343057632446,0.9262861013412476,0.0053190262988209724,0,-0.8956024050712585,0.3628242313861847,0.25739923119544983,0,0,2.819844961166382,0,1
B23,mixamorig_RightHandThumb1,22,0.9501552581787109,-0.31124255061149597,-0.0182302538305521,0,0.3069155514240265,0.9440271258354187,-0.1208970919251442,0,0.05483818054199219,0.10927587747573853,0.9924976229667664,0,0.2759990096092224,0.4979900121688843,0,1
B24,mixamorig_RightHandThumb2,23,0.9873499870300293,0.15836618840694427,-0.007714089937508106,0,-0.15457168221473694,0.9722474813461304,0.17562155425548553,0,0.03531251475214958,-0.1722075641155243,0.9844273924827576,0,0.054754000157117844,0.4521830081939697,0,1
B25,mixamorig_RightHandThumb3,24,0.9993359446525574,-0.036349743604660034,0.002498409477993846,0,0.036378853023052216,0.999256432056427,-0.01280052587389946,0,-0.0020312555134296417,0.012882910668849945,0.9999149441719055,0,0.002435999922454357,0.47156599164009094,0,1
B26,mixamorig_RightHandThumb4,25,1,0,0,0,0,1,0,0,0,0,1,0,-0.09879899770021439,0.36491599678993225,0,1
B27,mixamorig_RightHandIndex1,22,0.967041015625,-0.2524782419204712,0.03296487778425217,0,0.24605824053287506,0.9599470496177673,0.13400189578533173,0,-0.06547713279724121,-0.12147410959005356,0.9904329776763916,0,0,0.9721270203590393,0,1
B28,mixamorig_RightHandIndex2,27,0.9990910291671753,0.04174792766571045,-0.008579135872423649,0,-0.040388572961091995,0.9916790127754211,0.12223628908395767,0,0.013610864989459515,-0.12177871912717819,0.9924640655517578,0,-0.06733100116252899,0.5684720277786255,0,1
B29,mixamorig_RightHandIndex3,28,0.9982209801673889,-0.05952871963381767,0.003329823724925518,0,0.05921228229999542,0.9963520169258118,0.06144921854138374,0,-0.006975675001740456,-0.061142779886722565,0.998104989528656,0,0.03313799947500229,0.5351600050926208,0,1
B30,mixamorig_RightHandIndex4,29,1,0,0,0,0,1,0,0,0,0,1,0,0.02390800043940544,0.4435960054397583,0,1
B31,mixamorig_LeftUpLeg,0,-0.9937503933906555,-0.017140472307801247,0.11030244827270508,0,0.0218772292137146,-0.9988831877708435,0.04187733680009842,0,0.10946144163608551,0.04402872174978256,0.9930152297019958,0,1.0567330121994019,-0.6451150178909302,-0.23938700556755066,1
B32,mixamorig_LeftLeg,31,0.9987344741821289,0.004505815450102091,-0.050086140632629395,0,-0.01567312330007553,0.9742599129676819,-0.22488164901733398,0,0.04778365045785904,0.22538211941719055,0.9730978012084961,0,0,5.242112159729004,0,1
B33,mixamorig_LeftFoot,32,0.9971474409103394,0.057495929300785065,0.04889167100191116,0,-0.07020434737205505,0.4688120186328888,0.8805039525032043,0,0.027704384177923203,-0.881424605846405,0.4715111553668976,0,0,5.137761116027832,0,1
B34,mixamorig_LeftToeBase,33,0.9755779504776001,0.001198753947392106,0.2196490466594696,0,-0.12795066833496094,0.815909743309021,0.5638439059257507,0,-0.17853790521621704,-0.5781779289245605,0.7961370348930359,0,0,1.9926340579986572,0,1
B35,mixamorig_LeftToe_End,34,1,0,0,0,0,1,0,0,0,0,1,0,0,0.7514510154724121,0,1
B36,mixamorig_RightUpLeg,0,-0.9948660135269165,0.0020024036057293415,-0.10118218511343002,0,-0.003677972825244069,-0.9998591542243958,0.016376089304685593,0,-0.10113512724637985,0.016664156690239906,0.9947329163551331,0,-1.0567330121994019,-0.6451150178909302,-0.17966599762439728,1
B37,mixamorig_RightLeg,36,0.993476927280426,-0.004247589036822319,0.11395642906427383,0,0.02255195751786232,0.98688805103302,-0.15982384979724884,0,-0.11178331822156906,0.16135117411613464,0.9805458784103394,0,0,5.242802143096924,0,1
B38,mixamorig_RightFoot,37,0.9983801245689392,-0.03354176506400108,-0.04594995081424713,0,0.05666302889585495,0.5142467021942139,0.855768084526062,0,-0.005074367392808199,-0.8569862246513367,0.5153147578239441,0,0,5.137811183929443,0,1
B39,mixamorig_RightToeBase,38,0.9765765070915222,-0.003126275260001421,-0.2151501178741455,0,0.12928727269172668,0.8078002333641052,0.5751031041145325,0,0.17200031876564026,-0.589448094367981,0.7892826199531555,0,0,1.9670729637145996,0,1
B40,mixamorig_RightToe_End,39,1,0,0,0,0,1,0,0,0,0,1,0,0,0.7490540146827698,0,1
@34,0,1,2,3,4,5,7,8,9,10,11,12,13,15,16,17,19,20,21,22,23,24,25,27,28,29,31,32,33,34,36,37,38,39
K0.000,0.999966025352478,-0.0012933952966704965,-0.008181142620742321,0,0.0008986045722849667,0.9988430142402649,-0.04807699844241142,0,0.008233857341110706,0.04806800186634064,0.9988099932670593,0,0.005129000172019005,12.18622875213623,0.30526798963546753,1,0.9999220371246338,-0.012425446882843971,0.0014269824605435133,0,0.012504552491009235,0.9908809661865234,-0.13415631651878357,0,0.0002529823686927557,0.13416369259357452,0.9909590482711792,0,0,1.1614660024642944,-0.17178399860858917,1,0.9998130202293396,-0.019312938675284386,0.00024795072386041284,0,0.01930106431245804,0.9995129704475403,0.024502668529748917,0,-0.0007210492622107267,-0.024493329226970673,0.9996999502182007,0,0,1.369784951210022,0,1,0.9998130202293396,-0.01931566372513771,0.0002664442581590265,0,0.0193033367395401,0.9995129704475403,0.024500349536538124,0,-0.0007395557477138937,-0.02449065074324608,0.9997000098228455,0,0,1.5654679536819458,0,1,0.9985389113426208,0.0509280301630497,0.018072087317705154,0,-0.053316980600357056,0.9829660058021545,0.1758822202682495,0,-0.008806910365819931,-0.176588773727417,0.9842450022697449,0,0,1.7611509561538696,0,1,0.9987460374832153,0.045557618141174316,-0.020737985149025917,0,-0.04589337483048439,0.9988179206848145,-0.0160121638327837,0,0.019984010607004166,0.016943832859396935,0.9996569752693176,0,0,0.9798849821090698,0.3119800090789795,1,-0.003647002624347806,0.017507411539554596,-0.9998399615287781,0,0.9207319021224976,-0.39006322622299194,-0.010188580490648746,0,-0.39017927646636963,-0.9206218123435974,-0.01469701249152422,0,0.6561779975891113,1.4388259649276733,-0.03311299905180931,1,0.5979785323143005,0.6522294878959656,-0.46585318446159363,0,0.06020838022232056,0.5430222749710083,0.837556779384613,0,0.7992478609085083,-0.5288892388343811,0.2854459583759308,0,0,1.495182991027832,0,1,0.9712399244308472,0.23796314001083374,-0.008186247199773788,0,-0.23808886110782623,0.9709890484809875,-0.02220934070646763,0,0.0026637527626007795,0.02351965941488743,0.9997199177742004,0,0,3.1777119636535645,0,1,0.884363055229187,-0.19920614361763,-0.4221588671207428,0,0.1580788493156433,0.9787399768829346,-0.13068997859954834,0,0.439218133687973,0.04884301498532295,0.897051990032196,0,0,2.8114230632781982,0,1,0.9451078772544861,0.325900137424469,0.02364637702703476,0,-0.32345086336135864,0.9433610439300537,-0.07381874322891235,0,-0.04636462405323982,0.06211825832724571,0.996990978717804,0,-0.23947900533676147,0.4703890085220337,0,1,0.9574829936027527,-0.25414296984672546,0.1365189403295517,0,0.19939301908016205,0.9249840378761292,0.3234918713569641,0,-0.20849105715751648,-0.28251707553863525,0.9363309144973755,0,-0.03739999979734421,0.42061299085617065,0,1,0.9979560375213623,0.06390087306499481,-0.0011803163215517998,0,-0.06390713155269623,0.9979360103607178,-0.0063722999766469,0,0.000770683865994215,0.006434699520468712,0.9999790191650391,0,-0.019526999443769455,0.46268200874328613,0,1,0.92603999376297,0.3773139715194702,0.009151349775493145,0,-0.3682710528373718,0.8980069160461426,0.2407471388578415,0,0.08261936157941818,-0.22631187736988068,0.9705450534820557,0,0,0.8969519734382629,0,1,0.9995429515838623,-0.03015633299946785,-0.001959993038326502,0,0.029807664453983307,0.9731529951095581,0.22822293639183044,0,-0.004974992945790291,-0.228177011013031,0.9736069440841675,0,0.08578500151634216,0.5953440070152283,0,1,0.9437009692192078,0.32925301790237427,0.031942155212163925,0,-0.3289009928703308,0.9235730767250061,0.19707368314266205,0,0.035386160016059875,-0.19648431241512299,0.9798679351806641,0,-0.07912600040435791,0.5678529739379883,0,1,-0.17203833162784576,0.00034704385325312614,0.985089898109436,0,-0.9164239764213562,-0.3668707013130188,-0.1599171757698059,0,0.3613451421260834,-0.9302718639373779,0.0634339302778244,0,-0.6561779975891113,1.4430400133132935,-0.06160899996757507,1,0.37977904081344604,-0.7619121074676514,0.5246509313583374,0,-0.018281079828739166,0.5608502626419067,0.8277148604393005,0,-0.9248970746994019,-0.3239401578903198,0.19907067716121674,0,0,1.495182991027832,0,1,0.9337291121482849,-0.3577929437160492,0.011617274023592472,0,0.3579680919647217,0.9334840178489685,-0.02162371575832367,0,-0.0031077261082828045,0.024349290877580643,0.999699056148529,0,0,3.1834919452667236,0,1,0.9451489448547363,0.11449497193098068,0.30591610074043274,0,-0.0764860287308693,0.9880920648574829,-0.13350354135036469,0,-0.3175589442253113,0.1027824804186821,0.9426520466804504,0,0,2.819844961166382,0,1,0.9514549374580383,-0.30713504552841187,-0.020062917843461037,0,0.3028509020805359,0.945827066898346,-0.11701375246047974,0,0.05491507425904274,0.10525724291801453,0.9929279685020447,0,0.2759990096092224,0.4979900121688843,0,1,0.9838979840278625,0.17826996743679047,-0.012830936349928379,0,-0.17252904176712036,0.9660530090332031,0.1922910213470459,0,0.04667506366968155,-0.1869809776544571,0.981253981590271,0,0.054754000157117844,0.4521830081939697,0,1,0.9996340274810791,-0.026925548911094666,-0.002658794168382883,0,0.026912448927760124,0.9996259212493896,-0.004843162838369608,0,0.002788205398246646,0.00476983655244112,0.9999849796295166,0,0.002435999922454357,0.47156599164009094,0,1,0.9670410752296448,-0.2524780035018921,0.03296488896012306,0,0.24605797231197357,0.9599469900131226,0.13400188088417053,0,-0.06547711044549942,-0.12147411704063416,0.9904329776763916,0,0,0.9721270203590393,0,1,0.9990910291671753,0.04174767807126045,-0.008579151704907417,0,-0.0403883159160614,0.9916788935661316,0.12223627418279648,0,0.01361085008829832,-0.12177872657775879,0.9924640655517578,0,-0.06733100116252899,0.5684720277786255,0,1,0.9982209205627441,-0.05952822417020798,0.0033301045186817646,0,0.05921177938580513,0.9963520765304565,0.061448726803064346,0,-0.006975894793868065,-0.06114226579666138,0.9981049299240112,0,0.03313799947500229,0.5351600050926208,0,1,-0.9989569187164307,-0.01313688326627016,0.04371917247772217,0,0.014723116531968117,-0.9992379546165466,0.036160022020339966,0,0.043210823088884354,0.03676598146557808,0.9983890056610107,0,1.0567330121994019,-0.6451150178909302,-0.23938700556755066,1,0.997452974319458,-0.011147352866828442,-0.07045254111289978,0,-0.0013893542345613241,0.9844889640808105,-0.1754409670829773,0,0.0713154524564743,0.17509198188781738,0.981965959072113,0,0,5.242112159729004,0,1,0.9970899820327759,0.060854967683553696,0.045920949429273605,0,-0.0706770196557045,0.5120581388473511,0.8560378551483154,0,0.0285799503326416,-0.8567920327186584,0.5148688554763794,0,0,5.137761116027832,0,1,0.9748570322990417,-0.0017166981706395745,0.22282281517982483,0,-0.12815770506858826,0.8137128949165344,0.566963255405426,0,-0.18228718638420105,-0.5812647938728333,0.7930340766906738,0,0,1.9926340579986572,0,1,-0.9906630516052246,0.005971267353743315,-0.13620124757289886,0,-0.009499732404947281,-0.9996350407600403,0.02527102828025818,0,-0.13600075244903564,0.02632897160947323,0.9903590679168701,0,-1.0567330121994019,-0.6451150178909302,-0.17966599762439728,1,0.997516930103302,-0.021075809374451637,0.06720323115587234,0,0.032653190195560455,0.9838229417800903,-0.17614100873470306,0,-0.06240375339984894,0.17789798974990845,0.9820680022239685,0,0,5.242802143096924,0,1,0.9985719323158264,-0.027045300230383873,-0.04606539011001587,0,0.05341670289635658,0.511255145072937,0.8577669262886047,0,0.00035260370350442827,-0.8590030074119568,0.5119699239730835,0,0,5.137811183929443,0,1,0.9752209782600403,0.0008435097988694906,-0.221232071518898,0,0.128757506608963,0.8110200762748718,0.570672869682312,0,0.17990495264530182,-0.5850171446800232,0.7908148765563965,0,0,1.9670729637145996,0,1
K0.034,0.999970018863678,-0.001316078589297831,-0.007663223892450333,0,0.0009425036259926856,0.9988198280334473,-0.04855005815625191,0,0.007718073669821024,0.048541367053985596,0.9987908601760864,0,0.005394839681684971,12.186554908752441,0.30863094329833984,1,0.999921977519989,-0.01241065002977848,0.001417718012817204,0,0.012488676235079765,0.9908950924873352,-0.13405294716358185,0,0.0002588742645457387,0.13406021893024445,0.9909731149673462,0,0,1.1614660024642944,-0.17178399860858917,1,0.9998130202293396,-0.019361324608325958,-0.000005226657776802313,0,0.019355488941073418,0.9995049834251404,0.024786576628684998,0,-0.0004746769554913044,-0.024782046675682068,0.9996928572654724,0,0,1.369784951210022,0,1,0.9998120069503784,-0.019364535808563232,0.000012755522220686544,0,0.019358273595571518,0.9995049238204956,0.024784745648503304,0,-0.0004926948458887637,-0.02477986551821232,0.9996929168701172,0,0,1.5654679536819458,0,1,0.9985219836235046,0.051232852041721344,0.018165623769164085,0,-0.05363360792398453,0.9829480051994324,0.17588767409324646,0,-0.00884463544934988,-0.17660199105739594,0.9842429757118225,0,0,1.7611509561538696,0,1,0.9987459778785706,0.045606181025505066,-0.020634742453694344,0,-0.04593629762530327,0.9988190531730652,-0.015816468745470047,0,0.01988905668258667,0.016744529828429222,0.9996621012687683,0,0,0.9798849821090698,0.3119800090789795,1,-0.0030299837235361338,0.01757468841969967,-0.9998409152030945,0,0.9207007884979248,-0.390148401260376,-0.009648028761148453,0,-0.3902561068534851,-0.9205839037895203,-0.014998817816376686,0,0.6561779975891113,1.4388259649276733,-0.03311299905180931,1,0.5988940596580505,0.6514551639556885,-0.4657607674598694,0,0.059925101697444916,0.5435121059417725,0.8372594714164734,0,0.7985830903053284,-0.5293400883674622,0.28646746277809143,0,0,1.495182991027832,0,1,0.9710265398025513,0.2388317734003067,-0.008206208236515522,0,-0.23895789682865143,0.970773458480835,-0.022290118038654327,0,0.0026427828706800938,0.023605244234204292,0.9997180104255676,0,0,3.1777119636535645,0,1,0.8853289484977722,-0.19645807147026062,-0.42142248153686523,0,0.1561392843723297,0.9793376922607422,-0.12852701544761658,0,0.4379650056362152,0.04798806831240654,0.8977106213569641,0,0,2.8114230632781982,0,1,0.9451078772544861,0.325900137424469,0.02364637702703476,0,-0.32345086336135864,0.9433610439300537,-0.07381874322891235,0,-0.04636462405323982,0.06211825832724571,0.996990978717804,0,-0.23947900533676147,0.4703890085220337,0,1,0.9574831128120422,-0.25414249300956726,0.13651901483535767,0,0.19939251244068146,0.9249839186668396,0.32349181175231934,0,-0.2084909826517105,-0.28251713514328003,0.9363309144973755,0,-0.03739999979734421,0.42061299085617065,0,1,0.9979560375213623,0.06390087306499481,-0.0011803199304267764,0,-0.06390713155269623,0.9979360103607178,-0.0063722999766469,0,0.0007706874166615307,0.006434699520468712,0.9999790191650391,0,-0.019526999443769455,0.46268200874328613,0,1,0.92603999376297,0.37731388211250305,0.009151939302682877,0,-0.368271142244339,0.8980070352554321,0.2407475709915161,0,0.08261895179748535,-0.22631242871284485,0.9705449342727661,0,0,0.8969519734382629,0,1,0.9995430111885071,-0.03015577420592308,-0.001960431458428502,0,0.02980722114443779,0.9731529951095581,0.22822293639183044,0,-0.004974439274519682,-0.2281770408153534,0.9736069440841675,0,0.08578500151634216,0.5953440070152283,0,1,0.9437009692192078,0.32925304770469666,0.03194207698106766,0,-0.32890093326568604,0.9235730171203613,0.19707314670085907,0,0.03538608178496361,-0.19648383557796478,0.9798679947853088,0,-0.07912600040435791,0.5678529739379883,0,1,-0.17252890765666962,0.00047620004625059664,0.9850038290023804,0,-0.9163689017295837,-0.3668268322944641,-0.16032980382442474,0,0.361249715089798,-0.9302890300750732,0.06372468173503876,0,-0.6561779975891113,1.4430400133132935,-0.06160899996757507,1,0.3782147467136383,-0.7626081109046936,0.5247679352760315,0,-0.017838703468441963,0.5607678890228271,0.8277811408042908,0,-0.9255455732345581,-0.3224402368068695,0.19848674535751343,0,0,1.495182991027832,0,1,0.9338151812553406,-0.35756605863571167,0.011611860245466232,0,0.3577412962913513,0.9335710406303406,-0.02161095105111599,0,-0.003113154089078307,0.024334678426384926,0.9996989965438843,0,0,3.1834919452667236,0,1,0.9453341364860535,0.11550281196832657,0.30496227741241455,0,-0.07750052958726883,0.9879542589187622,-0.13394314050674438,0,-0.3167596757411957,0.10298632830381393,0.9428988099098206,0,0,2.819844961166382,0,1,0.9514549374580383,-0.30713504552841187,-0.020062917843461037,0,0.3028509020805359,0.945827066898346,-0.11701375246047974,0,0.05491507425904274,0.10525724291801453,0.9929279685020447,0,0.2759990096092224,0.4979900121688843,0,1,0.9838979840278625,0.17826996743679047,-0.012830936349928379,0,-0.17252904176712036,0.9660530090332031,0.1922910213470459,0,0.04667506366968155,-0.1869809776544571,0.981253981590271,0,0.054754000157117844,0.4521830081939697,0,1,0.9996340274810791,-0.02692604996263981,-0.0026587932370603085,0,0.026912951841950417,0.9996259808540344,-0.0048431637696921825,0,0.002788206795230508,0.004769836086779833,0.9999849796295166,0,0.002435999922454357,0.47156599164009094,0,1,0.9670410752296448,-0.25247901678085327,0.032964833080768585,0,0.24605895578861237,0.9599469900131226,0.1340019255876541,0,-0.0654771700501442,-0.12147407978773117,0.9904329776763916,0,0,0.9721270203590393,0,1,0.9990910291671753,0.04174817353487015,-0.008579120971262455,0,-0.040388818830251694,0.9916790127754211,0.12223629653453827,0,0.013610880821943283,-0.12177871912717819,0.9924640655517578,0,-0.06733100116252899,0.5684720277786255,0,1,0.9982209205627441,-0.05952921882271767,0.003330059116706252,0,0.05921277031302452,0.9963520169258118,0.06144922971725464,0,-0.006975940428674221,-0.06114276498556137,0.998104989528656,0,0.03313799947500229,0.5351600050926208,0,1,-0.9989337921142578,-0.013086278922855854,0.044260840862989426,0,0.014645800925791264,-0.9992761015892029,0.03509601205587387,0,0.04376955330371857,0.03570684790611267,0.9984030723571777,0,1.0567330121994019,-0.6451150178909302,-0.23938700556755066,1,0.9974513053894043,-0.010916423983871937,-0.07050597667694092,0,-0.0015998493181541562,0.9845545291900635,-0.17507149279117584,0,0.07132813334465027,0.1747380793094635,0.9820277094841003,0,0,5.242112159729004,0,1,0.9970930218696594,0.060805827379226685,0.04592542350292206,0,-0.07065089792013168,0.5119192004203796,0.8561237454414368,0,0.028547169640660286,-0.8568785786628723,0.5147264003753662,0,0,5.137761116027832,0,1,0.9748580455780029,-0.0017110140761360526,0.2228207141160965,0,-0.12815509736537933,0.8137315511703491,0.5669371485710144,0,-0.18228621780872345,-0.5812386274337769,0.7930532097816467,0,0,1.9926340579986572,0,1,-0.9907323718070984,0.006165042519569397,-0.13568957149982452,0,-0.00952423270791769,-0.9996641278266907,0.024121182039380074,0,-0.13549518585205078,0.0251899566501379,0.9904575347900391,0,-1.0567330121994019,-0.6451150178909302,-0.17966599762439728,1,0.9975189566612244,-0.02090858481824398,0.06722855567932129,0,0.0324462465941906,0.983961284160614,-0.1754092276096344,0,-0.06248266249895096,0.17715510725975037,0.9821972250938416,0,0,5.242802143096924,0,1,0.99857097864151,-0.027105184271931648,-0.04606538265943527,0,0.053447313606739044,0.5113219618797302,0.8577256202697754,0,0.0003054295666515827,-0.8589612245559692,0.5120395421981812,0,0,5.137811183929443,0,1,0.9752209782600403,0.000839924905449152,-0.22123010456562042,0,0.12875592708587646,0.8110312223434448,0.5706577897071838,0,0.17990387976169586,-0.5850023031234741,0.7908267378807068,0,0,1.9670729637145996,0,1
K0.067,0.9999751448631287,-0.001341953524388373,-0.006975318770855665,0,0.0009985851356759667,0.9987980723381042,-0.048998504877090454,0,0.007032685447484255,0.04899030178785324,0.9987740516662598,0,0.004949853289872408,12.18667221069336,0.31172966957092285,1,0.9999229907989502,-0.012361017055809498,0.0014024790143594146,0,0.01243747677654028,0.9909130930900574,-0.13392433524131775,0,0.0002657060686033219,0.13393141329288483,0.9909901022911072,0,0,1.1614660024642944,-0.17178399860858917,1,0.9998140335083008,-0.019270898774266243,-0.00018340419046580791,0,0.019269458949565887,0.99950110912323,0.02503971755504608,0,-0.00029922492103651166,-0.0250385794788599,0.9996859431266785,0,0,1.369784951210022,0,1,0.9998140335083008,-0.019273623824119568,-0.0001654043880989775,0,0.0192717332392931,0.99950110912323,0.025037381798028946,0,-0.00031723928987048566,-0.0250359196215868,0.9996869564056396,0,0,1.5654679536819458,0,1,0.9985154867172241,0.05131928250193596,0.018257584422826767,0,-0.05373470485210419,0.9829479455947876,0.17585845291614532,0,-0.008921328000724316,-0.17657852172851562,0.9842466115951538,0,0,1.7611509561538696,0,1,0.998748242855072,0.04564119130373001,-0.02047167904675007,0,-0.04595865309238434,0.9988254308700562,-0.015315769240260124,0,0.019748615100979805,0.01623745635151863,0.9996732473373413,0,0,0.9798849821090698,0.3119800090789795,1,-0.002855118364095688,0.017638780176639557,-0.9998400211334229,0,0.9206891059875488,-0.3901819884777069,-0.009512500837445259,0,-0.39028728008270264,-0.9205688834190369,-0.015125861391425133,0,0.6561779975891113,1.4388259649276733,-0.03311299905180931,1,0.5991635322570801,0.6516150236129761,-0.46518972516059875,0,0.0593530498445034,0.5432820320129395,0.8374496102333069,0,0.7984240055084229,-0.5293797850608826,0.28683948516845703,0,0,1.495182991027832,0,1,0.9709637761116028,0.2390838861465454,-0.008211737498641014,0,-0.23921050131320953,0.9707115292549133,-0.02231414057314396,0,0.0026362764183431864,0.023630551993846893,0.9997169971466064,0,0,3.1777119636535645,0,1,0.8863182067871094,-0.1946355402469635,-0.4201855957508087,0,0.15488414466381073,0.9797210693359375,-0.12711504101753235,0,0.43640607595443726,0.04758431762456894,0.8984911441802979,0,0,2.8114230632781982,0,1,0.9451078772544861,0.3259001672267914,0.023646293208003044,0,-0.32345083355903625,0.9433610439300537,-0.07381922751665115,0,-0.04636470600962639,0.06211874634027481,0.9969910383224487,0,-0.23947900533676147,0.4703890085220337,0,1,0.9574829936027527,-0.25414296984672546,0.1365189403295517,0,0.19939301908016205,0.9249840378761292,0.3234918713569641,0,-0.20849105715751648,-0.28251707553863525,0.9363309144973755,0,-0.03739999979734421,0.42061299085617065,0,1,0.9979560375213623,0.06390087306499481,-0.0011808089911937714,0,-0.06390713155269623,0.9979360103607178,-0.006372277159243822,0,0.000771176943089813,0.006434708368033171,0.9999790191650391,0,-0.019526999443769455,0.46268200874328613,0,1,0.92603999376297,0.3773139715194702,0.009151349775493145,0,-0.3682710528373718,0.8980069160461426,0.2407471388578415,0,0.08261936157941818,-0.22631187736988068,0.9705450534820557,0,0,0.8969519734382629,0,1,0.9995430111885071,-0.030155839398503304,-0.0019599362276494503,0,0.02980717085301876,0.9731529951095581,0.22822295129299164,0,-0.004974936135113239,-0.2281770259141922,0.9736069440841675,0,0.08578500151634216,0.5953440070152283,0,1,0.9437009692192078,0.32925304770469666,0.03194207698106766,0,-0.32890093326568604,0.9235730171203613,0.19707314670085907,0,0.03538608178496361,-0.19648383557796478,0.9798679947853088,0,-0.07912600040435791,0.5678529739379883,0,1,-0.17266830801963806,0.0005088856560178101,0.9849796891212463,0,-0.9163531064987183,-0.3668147325515747,-0.16044847667217255,0,0.3612235188484192,-0.9302937388420105,0.06380364298820496,0,-0.6561779975891113,1.4430400133132935,-0.06160899996757507,1,0.3773444890975952,-0.7630385756492615,0.5247688889503479,0,-0.017356254160404205,0.5607341527938843,0.8278141021728516,0,-0.9259106516838074,-0.3214793801307678,0.19834661483764648,0,0,1.495182991027832,0,1,0.9339730739593506,-0.35715606808662415,0.011602696031332016,0,0.35733065009117126,0.9337282776832581,-0.021585579961538315,0,-0.003124346025288105,0.02430635318160057,0.9997000098228455,0,0,3.1834919452667236,0,1,0.9454992413520813,0.11632901430130005,0.30413615703582764,0,-0.07838710397481918,0.9878557324409485,-0.13415482640266418,0,-0.31604841351509094,0.10300283879041672,0.9431345462799072,0,0,2.819844961166382,0,1,0.9514548778533936,-0.3071345090866089,-0.020062947645783424,0,0.30285048484802246,0.9458271861076355,-0.11701374500989914,0,0.05491505563259125,0.10525725036859512,0.9929279685020447,0,0.2759990096092224,0.4979900121688843,0,1,0.9838979840278625,0.17826996743679047,-0.012830936349928379,0,-0.17252904176712036,0.9660530090332031,0.1922910213470459,0,0.04667506366968155,-0.1869809776544571,0.981253981590271,0,0.054754000157117844,0.4521830081939697,0,1,0.9996340274810791,-0.02692604996263981,-0.0026587932370603085,0,0.026912951841950417,0.9996259808540344,-0.0048431637696921825,0,0.002788206795230508,0.004769836086779833,0.9999849796295166,0,0.002435999922454357,0.47156599164009094,0,1,0.9670410752296448,-0.2524780035018921,0.03296488896012306,0,0.24605797231197357,0.9599469900131226,0.13400188088417053,0,-0.06547711044549942,-0.12147411704063416,0.9904329776763916,0,0,0.9721270203590393,0,1,0.9990910291671753,0.04174767807126045,-0.008579151704907417,0,-0.0403883159160614,0.9916788935661316,0.12223627418279648,0,0.01361085008829832,-0.12177872657775879,0.9924640655517578,0,-0.06733100116252899,0.5684720277786255,0,1,0.9982209801673889,-0.05952873453497887,0.0033300744835287333,0,0.05921228229999542,0.9963520169258118,0.06144922599196434,0,-0.0069759259931743145,-0.06114277243614197,0.998104989528656,0,0.03313799947500229,0.5351600050926208,0,1,-0.9989170432090759,-0.013168190605938435,0.04463429003953934,0,0.014712583273649216,-0.9992980360984802,0.034451160579919815,0,0.04414927586913109,0.035070519894361496,0.9984090924263,0,1.0567330121994019,-0.6451150178909302,-0.23938700556755066,1,0.9974921941757202,-0.010847901925444603,-0.06993881613016129,0,-0.001596046844497323,0.9844843149185181,-0.17546240985393524,0,0.07075711339712143,0.17513412237167358,0.9819987416267395,0,0,5.242112159729004,0,1,0.9970932006835938,0.060770183801651,0.04595092684030533,0,-0.07064176350831985,0.5115384459495544,0.8563512563705444,0,0.02853495441377163,-0.8571081161499023,0.5143445134162903,0,0,5.137761116027832,0,1,0.9748601317405701,-0.0016925469972193241,0.22281350195407867,0,-0.12814778089523315,0.8137869834899902,0.566857635974884,0,-0.18228229880332947,-0.581160306930542,0.7931120991706848,0,0,1.9926340579986572,0,1,-0.9907821416854858,0.006174436304718256,-0.13532505929470062,0,-0.009411538019776344,-0.9996841549873352,0.02329426445066929,0,-0.13513846695423126,0.024353154003620148,0.9905270338058472,0,-1.0567330121994019,-0.6451150178909302,-0.17966599762439728,1,0.9975030422210693,-0.02088537998497486,0.06746330857276917,0,0.03244837000966072,0.9840074777603149,-0.17514677345752716,0,-0.06272641569375992,0.17689856886863708,0.9822284579277039,0,0,5.242802143096924,0,1,0.9985690116882324,-0.027145948261022568,-0.04607595503330231,0,0.05347730591893196,0.5112110376358032,0.8577895164489746,0,0.000269028649199754,-0.8590264320373535,0.5119314193725586,0,0,5.137811183929443,0,1,0.9752209782600403,0.0008389317081309855,-0.2212301343679428,0,0.12875597178936005,0.8110334277153015,0.5706543326377869,0,0.17990383505821228,-0.5849989652633667,0.790829062461853,0,0,1.9670729637145996,0,1
K0.101,0.9999791383743286,-0.0013449034886434674,-0.006372268311679363,0,0.0010313730454072356,0.9988002181053162,-0.04895247519016266,0,0.006430455949157476,0.0489448606967926,0.9987803101539612,0,0.0047087231650948524,12.186718940734863,0.3139679729938507,1,0.9999250173568726,-0.012132746167480946,0.0013778931461274624,0,0.012207995168864727,0.990922212600708,-0.13388079404830933,0,0.00025895689032040536,0.13388758897781372,0.9909960627555847,0,0,1.1614660024642944,-0.17178399860858917,1,0.9998210668563843,-0.01889832504093647,-0.00007944588287500665,0,0.01889435201883316,0.9995050430297852,0.025157079100608826,0,-0.00039602036122232676,-0.02515409328043461,0.9996838569641113,0,0,1.369784951210022,0,1,0.9998210668563843,-0.01890106126666069,-0.000060947801102884114,0,0.018896618857979774,0.9995049238204956,0.02515524998307228,0,-0.0004145435814280063,-0.025151917710900307,0.9996839165687561,0,0,1.5654679536819458,0,1,0.9985485076904297,0.05077674984931946,0.017949620261788368,0,-0.05314435809850693,0.9830183982849121,0.17564375698566437,0,-0.00872618705034256,-0.17634272575378418,0.9842899441719055,0,0,1.7611509561538696,0,1,0.998759925365448,0.045332930982112885,-0.020598819479346275,0,-0.045632172375917435,0.998856246471405,-0.01429696287959814,0,0.019927116110920906,0.015219186432659626,0.9996851682662964,0,0,0.9798849821090698,0.3119800090789795,1,-0.0028055848088115454,0.0176833625882864,-0.9998400211334229,0,0.9206876158714294,-0.39018499851226807,-0.009484395384788513,0,-0.39029014110565186,-0.9205664396286011,-0.015186107717454433,0,0.6561779975891113,1.4388259649276733,-0.03311299905180931,1,0.5991801619529724,0.6522558927536011,-0.4642684757709503,0,0.058518651872873306,0.5426595211029053,0.8379119634628296,0,0.7984732985496521,-0.529228925704956,0.28698188066482544,0,0,1.495182991027832,0,1,0.9710812568664551,0.2386067807674408,-0.008200960233807564,0,-0.238733172416687,0.9708302021026611,-0.02226959727704525,0,0.002648061141371727,0.023583421483635902,0.9997180104255676,0,0,3.1777119636535645,0,1,0.8877750635147095,-0.19272537529468536,-0.417986661195755,0,0.1533721387386322,0.980083703994751,-0.12614527344703674,0,0.43397316336631775,0.047881096601486206,0.8996522426605225,0,0,2.8114230632781982,0,1,0.9451078772544861,0.325900137424469,0.023646367713809013,0,-0.32345086336135864,0.9433610439300537,-0.07381874322891235,0,-0.04636461287736893,0.06211825832724571,0.996990978717804,0,-0.23947900533676147,0.4703890085220337,0,1,0.9574829936027527,-0.25414296984672546,0.13651899993419647,0,0.19939304888248444,0.9249838590621948,0.3234913647174835,0,-0.2084910124540329,-0.2825166583061218,0.936331033706665,0,-0.03739999979734421,0.42061299085617065,0,1,0.9979560375213623,0.06390087306499481,-0.0011803003726527095,0,-0.06390713155269623,0.9979360103607178,-0.006371800322085619,0,0.0007706998148933053,0.006434199865907431,0.9999790191650391,0,-0.019526999443769455,0.46268200874328613,0,1,0.92603999376297,0.3773139715194702,0.009151349775493145,0,-0.3682710528373718,0.8980069160461426,0.2407471388578415,0,0.08261936157941818,-0.22631187736988068,0.9705450534820557,0,0,0.8969519734382629,0,1,0.9995429515838623,-0.030156321823596954,-0.00195999164134264,0,0.02980765327811241,0.9731529951095581,0.22822293639183044,0,-0.004974992014467716,-0.228177011013031,0.9736069440841675,0,0.08578500151634216,0.5953440070152283,0,1,0.9437009692192078,0.32925304770469666,0.031942080706357956,0,-0.32890093326568604,0.9235730171203613,0.19707316160202026,0,0.035386085510253906,-0.19648385047912598,0.9798679947853088,0,-0.07912600040435791,0.5678529739379883,0,1,-0.17198579013347626,0.00031586180557496846,0.9850993156433105,0,-0.9164296984672546,-0.3668718636035919,-0.15987928211688995,0,0.3613549470901489,-0.9302718639373779,0.06338619440793991,0,-0.6561779975891113,1.4430400133132935,-0.06160899996757507,1,0.3772331178188324,-0.7631604075431824,0.5246735215187073,0,-0.016373395919799805,0.5609449148178101,0.8276909589767456,0,-0.9259740710258484,-0.32082316279411316,0.19911152124404907,0,0,1.495182991027832,0,1,0.9344194531440735,-0.3559874892234802,0.011575618758797646,0,0.3561614453792572,0.9341763854026794,-0.02151518687605858,0,-0.0031545311212539673,0.02422698587179184,0.9997010827064514,0,0,3.1834919452667236,0,1,0.9455308318138123,0.11593116074800491,0.30419012904167175,0,-0.0778053030371666,0.9878362417221069,-0.13463185727596283,0,-0.316098153591156,0.10363099724054337,0.9430499076843262,0,0,2.819844961166382,0,1,0.9514549374580383,-0.30713504552841187,-0.020062917843461037,0,0.3028509020805359,0.945827066898346,-0.11701375246047974,0,0.05491507425904274,0.10525724291801453,0.9929279685020447,0,0.2759990096092224,0.4979900121688843,0,1,0.9838980436325073,0.17826950550079346,-0.012830980122089386,0,-0.17252855002880096,0.9660529494285583,0.1922910213470459,0,0.04667501896619797,-0.18698100745677948,0.981253981590271,0,0.054754000157117844,0.4521830081939697,0,1,0.9996340274810791,-0.02692604996263981,-0.0026587932370603085,0,0.026912951841950417,0.9996259808540344,-0.0048431637696921825,0,0.002788206795230508,0.004769836086779833,0.9999849796295166,0,0.002435999922454357,0.47156599164009094,0,1,0.9670410752296448,-0.2524780035018921,0.03296488896012306,0,0.24605797231197357,0.9599469900131226,0.13400188088417053,0,-0.06547711044549942,-0.12147411704063416,0.9904329776763916,0,0,0.9721270203590393,0,1,0.9990910291671753,0.04174768924713135,-0.008579150773584843,0,-0.0403883270919323,0.9916788935661316,0.12223627418279648,0,0.013610851019620895,-0.12177872657775879,0.9924640655517578,0,-0.06733100116252899,0.5684720277786255,0,1,0.9982209205627441,-0.059529222548007965,0.0033300588838756084,0,0.05921277403831482,0.9963520169258118,0.06144922971725464,0,-0.006975940428674221,-0.06114276498556137,0.998104989528656,0,0.03313799947500229,0.5351600050926208,0,1,-0.9989199042320251,-0.013093188405036926,0.04458578675985336,0,0.01463096123188734,-0.9993029236793518,0.03434048965573311,0,0.04410506412386894,0.034955721348524094,0.9984147548675537,0,1.0567330121994019,-0.6451150178909302,-0.23938700556755066,1,0.9975756406784058,-0.010570844635367393,-0.06878069043159485,0,-0.001681504538282752,0.9844452142715454,-0.17568659782409668,0,0.06956797093153,0.175376296043396,0.9820407032966614,0,0,5.242112159729004,0,1,0.9971052408218384,0.060584381222724915,0.04595182090997696,0,-0.07053878158330917,0.5112987160682678,0.8565030694007874,0,0.028395608067512512,-0.8572654128074646,0.5140923261642456,0,0,5.137761116027832,0,1,0.9748620986938477,-0.0016674711368978024,0.22280438244342804,0,-0.12813879549503326,0.8138626217842102,0.5667516589164734,0,-0.18227729201316833,-0.5810548663139343,0.7931904792785645,0,0,1.9926340579986572,0,1,-0.9907121658325195,0.006104333326220512,-0.13584201037883759,0,-0.009327985346317291,-0.9996899366378784,0.023107049986720085,0,-0.13565871119499207,0.024159545078873634,0.990460991859436,0,-1.0567330121994019,-0.6451150178909302,-0.17966599762439728,1,0.9974321722984314,-0.020907724276185036,0.06849221885204315,0,0.03263946250081062,0.9840393662452698,-0.17493417859077454,0,-0.06374156475067139,0.1767205446958542,0.9821950197219849,0,0,5.242802143096924,0,1,0.9985690712928772,-0.027150660753250122,-0.04608197137713432,0,0.053484898060560226,0.5111600160598755,0.8578199744224548,0,0.00026488539879210293,-0.8590565323829651,0.5118803977966309,0,0,5.137811183929443,0,1,0.9752219915390015,0.0008334337035194039,-0.2212280035018921,0,0.12875358760356903,0.8110508918762207,0.5706298351287842,0,0.1799028366804123,-0.584975004196167,0.7908477783203125,0,0,1.9670729637145996,0,1
